kappa	infid_local	infid_remote	ps_local	ps_remote
0.0	0.6	0.6	1.0	0.9999999999999997
0.05	0.4584883279374873	0.6025626689967534	0.8351681054441752	0.5729716204831719
0.1	0.34455115259468805	0.5182265425279031	0.7676890854001465	0.44862948502118477
0.15	0.2607740929599862	0.4068442550256629	0.7397294494233055	0.41894124207907885
0.2	0.20060691293974375	0.3106832834440896	0.729388642118192	0.42317399635411285
0.25	0.15719258054637542	0.23830989154383386	0.7272917422041588	0.4400423943599377
0.3	0.12537082476286587	0.18574989841917255	0.7290754388389331	0.4611750794295485
0.35000000000000003	0.10159497004411333	0.14749924448372798	0.732590260135491	0.48305623366356054
0.4	0.08348294541917178	0.11923426070860665	0.7367391152331351	0.5041814636286045
0.44999999999999996	0.06943087776381662	0.09795111163876524	0.7409534620518067	0.5239365085605373
0.5	0.058344860251991926	0.08162271170674895	0.7449412625416754	0.5421170393272737
0.55	0.049466093117984	0.06887802040891311	0.7485593408345079	0.5587099679496231
0.6	0.04225865861025968	0.05877675114745795	0.7517460621184003	0.5737893765220918
0.65	0.03633725644021868	0.05066236990717776	0.7544846746565594	0.5874655910081592
0.7000000000000001	0.03142013051504333	0.044067770885514834	0.7567828582687948	0.5998599909462634
0.75	0.02729793949441084	0.03865448741516708	0.7586611182771451	0.6110926900166986
0.8	0.02381283163811221	0.03417300379120469	0.76014613597896	0.6212767928218018
0.8500000000000001	0.020844145118867674	0.030436416225927965	0.761266955645888	0.6305160446423472
0.8999999999999999	0.01829847783883065	0.027302646847030987	0.7620528212065071	0.6389042233041735
0.95	0.01610268494659617	0.02466222453093836	0.7625319831085415	0.6465254018830181
1.0	0.01419886870101017	0.02242974989793045	0.7627310790010982	0.6534546181975358
1.05	0.012540744571369111	0.02053783943745846	0.762674853527693	0.6597587041934139
1.1	0.011090971611527722	0.01893276499601293	0.7623860766344429	0.6654971458594583
1.1500000000000001	0.009819167620202074	0.017571270596986488	0.7618855755157707	0.6707229084911994
1.2	0.008700416820215273	0.01641821880111538	0.7611923287727377	0.6754831972005153
1.25	0.007714136029837726	0.01544482958161486	0.7603235916737644	0.6798201415838794
1.3	0.006843204719508611	0.014627347858904516	0.7592950338511301	0.6837714035262389
1.35	0.006073291376763157	0.013946024887097841	0.758120878432664	0.6873707121837218
1.4000000000000001	0.005392327365714822	0.013384332023049672	0.7568140363419958	0.6906483324756468
1.45	0.004790092646315358	0.012928348371921805	0.7553862324191022	0.6936314741809616
1.5	0.004257887078365941	0.012566279819357873	0.7538481217993147	0.6963446486901452
1.55	0.003788267752991792	0.012288078264346303	0.7522093960666281	0.6988099800156304
1.6	0.00337483766414981	0.01208513793476984	0.7504788793302525	0.7010474760395004
1.6500000000000001	0.00301207459653996	0.011950051487117697	0.748664614728099	0.7030752653020182
1.7000000000000002	0.0026951917378255086	0.011876412831562377	0.7467739420423996	0.7049098039749557
1.75	0.002420023482797573	0.011858656741709717	0.7448135671876228	0.7065660570524314
1.7999999999999998	0.002182931368399421	0.01189192762208724	0.7427896243416741	0.708057657242746
1.85	0.0019807261916102714	0.01197197153790186	0.7407077314649377	0.7093970445605625
1.9	0.0018106032104464598	0.012095046917717234	0.7385730399050188	0.7105955891972968
1.9500000000000002	0.0016700879792999057	0.01225785033248683	0.7363902787286585	0.7116636998836161
2.0	0.0015569908726893456	0.012457454514436916	0.7341637943627821	0.7126109196452621
2.05	0.001469368742423427	0.01269125636520163	0.7318975860678365	0.7134460105857298
2.1	0.0014054924589071982	0.012956933157201589	0.7295953377107469	0.7141770291005638
2.15	0.0013638193278149302	0.01325240548718476	0.7272604462530862	0.7148113927327496
2.2	0.0013429695635569505	0.013575805819569853	0.7248960473229085	0.71535593971198
2.25	0.0013417061522243978	0.013925451677399225	0.7225050381962447	0.7158169820782689
2.3000000000000003	0.0013589175575459134	0.014299822713506272	0.7200900984763057	0.716200353168767
2.3499999999999996	0.0013936028204455386	0.01469754103404064	0.7176537087247465	0.7165114501426455
2.4	0.0014448586810879016	0.015117354258421756	0.7151981672695121	0.7167552721298395
2.45	0.001511868415743911	0.01555812088999109	0.7127256053874866	0.7169364545130649
2.5	0.0015938921324309963	0.016018797644646532	0.710238001037	0.717059299786913
2.55	0.0016902583114827285	0.016498428444149504	0.707737191294876	0.7171278053813998
2.6	0.001800356411810533	0.01699613482923934	0.705224883634805	0.7171456887886982
2.6500000000000004	0.0019236303921156273	0.017511107587467878	0.7027026661681041	0.717116410289799
2.7	0.0020595730198799123	0.018042599423354844	0.700172016954106	0.7170431935415378
2.75	0.002207720860490925	0.018589918525486637	0.6976343124752814	0.716929044252961
2.8000000000000003	0.002367649855128162	0.019152422907581013	0.6950908353615275	0.7167767671527194
2.8499999999999996	0.0025389714096146765	0.019729515419164345	0.6925427814386669	0.7165889814254149
2.9	0.002721328927805189	0.02032063933705608	0.6899912661679213	0.7163681347741815
2.9499999999999997	0.0029143947326520925	0.020925274461872534	0.6874373305358633	0.7161165162487173
3.0	0.0031178673261322842	0.021542933654696172	0.6848819464478937	0.7158362679622409
3.05	0.0033314689460341995	0.02217315975826395	0.6823260216726439	0.7155293958070185
3.1	0.003554943383364817	0.022815522854803705	0.6797704043796715	0.715197779266024
3.15	0.003788054029042698	0.023469617819244837	0.6772158873083843	0.7148431804076455
3.2	0.004030582122722892	0.024135062132123908	0.6746632116021944	0.7144672521409947
3.25	0.004282325180153257	0.024811493921266914	0.672113070338419	0.7140715458011325
3.3000000000000003	0.00454309557853283	0.025498570205418902	0.6695661117813481	0.7136575181262472
3.35	0.004812719281950706	0.026195965316447856	0.6670229423831385	0.7132265376823651
3.4000000000000004	0.005091034691245944	0.026903369479764905	0.6644841295547586	0.7127798907855043
3.4499999999999997	0.0053778916045640335	0.02762048753516133	0.6619502042270046	0.7123187869660961
3.5	0.005673150276579997	0.028347037782470275	0.6594216632196809	0.7118443640160365
3.55	0.005976680565794701	0.02908275093839552	0.6568989714352815	0.711357692654721
3.5999999999999996	0.006288361160584399	0.029827369192480746	0.6543825638919629	0.7108597808468652
3.65	0.006608078875775858	0.03058064535165017	0.6518728476091988	0.7103515778017461
3.7	0.006935728012472331	0.03134234206398645	0.6493702033582633	0.7098339776806627
3.75	0.007271209774698084	0.03211223111350492	0.6468749872885675	0.7093078230368868
3.8	0.007614431737143379	0.03289009277862365	0.6443875324398637	0.7087739080100968
3.85	0.007965307358942075	0.033675715247872495	0.6419081501494319	0.7082329812952721
3.9000000000000004	0.008323755538973687	0.03446889408709164	0.6394371313625445	0.7076857489041849
3.95	0.008689700208661	0.035269431753019886	0.6369747478537694	0.7071328767359889
4.0	0.009063069958684666	0.036077137148722294	0.6345212533660145	0.7065749929719397
4.050000000000001	0.009443797696403466	0.03689182521681056	0.6320768846736099	0.7060126903079373
4.1	0.009831820331118957	0.03771331656682919	0.6296418625751887	0.7054465280373917
4.1499999999999995	0.010227078484607022	0.038541437133573275	0.6272163928216372	0.7048770339958244
4.2	0.010629516224618052	0.03937601786343803	0.6248006669839361	0.7043047063776475
4.25	0.011039080819270408	0.0402168944262028	0.6223948632653185	0.7037300154346632
4.3	0.011455722510473998	0.041063906949908024	0.6199991472618008	0.7031534050650388
4.35	0.011879394304710522	0.04191689977674229	0.6176136726748138	0.702575294300776
4.4	0.012310051779649833	0.04277572123803419	0.6152385819793533	0.7019960787010348
4.45	0.012747652905243712	0.043640223446661075	0.6128740070508041	0.7014161316580718
4.5	0.01319215787805983	0.04451026210533249	0.6105200697533325	0.7008358056220113
4.55	0.013643528967736906	0.045385696329367065	0.6081768824925193	0.7002554332501616
4.6000000000000005	0.01410173037455098	0.04626638848270681	0.6058445487346925	0.6996753284861468
4.65	0.01456672809717896	0.047152204026037814	0.6035231634952345	0.6990957875737024
4.699999999999999	0.015038489809814926	0.0480430113759851	0.601212813797957	0.6985170900096158
4.75	0.01551698474789942	0.048938681774457704	0.5989135791074855	0.6979394994399328
4.8	0.016002183601756315	0.04983908916728974	0.5966255317364426	0.6973632645032567
4.85	0.01649405841751983	0.050744110091414996	0.59434873722909	0.69678861962466
4.9	0.01699258250478164	0.05165362356987446	0.5920832547229657	0.696215785763474
4.95	0.017497730350425678	0.052567511014018464	0.5898291372899357	0.6956449711179797
5.0	0.01800947753819193	0.05348565613232703	0.587586432257988	0.6950763717897955
5.05	0.018527800673515005	0.05440794484531697	0.5853551815149836	0.6945101724105578
5.1	0.019052677313254995	0.05533426520605411	0.5831354217955099	0.6939465467333046
5.15	0.019584085899948533	0.05626450732583166	0.5809271849518916	0.6933856581907899
5.2	0.020122005700245138	0.05719856330460582	0.5787304982103358	0.6928276604228151
5.25	0.020666416747229688	0.058136327165829726	0.5765453844131357	0.6922726977744973
5.300000000000001	0.021217299786340016	0.05907769479533831	0.5743718622477746	0.6917209057672764
5.3500000000000005	0.021774636224631272	0.06002256388397953	0.5722099464637282	0.6911724115443268
5.4	0.022338408083140804	0.06097083387370872	0.5700596480777026	0.6906273342919368
5.45	0.022908597952143395	0.0619224059068848	0.5679209745679967	0.690085785638296
5.5	0.02348518894908691	0.0628771827785286	0.5657939300586334	0.6895478700310508
5.550000000000001	0.02406816467903128	0.06383506889132329	0.5636785154938584	0.6890136850948875
5.6000000000000005	0.02465750919741372	0.0647959702131583	0.5615747288035673	0.6884833219703146
5.6499999999999995	0.025253206974985565	0.06575979423702771	0.5594825650601889	0.6879568656347561
5.699999999999999	0.025855242864774697	0.06672644994311128	0.5574020166275082	0.6874343952069698
5.75	0.02646360207093823	0.06769584776288706	0.5553330733018962	0.6869159842357607
5.8	0.027078270119380354	0.06866789954511954	0.5532757224463687	0.6864017009738909
5.85	0.02769923283002118	0.06964251852360037	0.5512299491178803	0.6858916086380128
5.8999999999999995	0.02832647629061058	0.07061961928651284	0.5491957361882311	0.6853857656554344
5.949999999999999	0.028959986831987194	0.07159911774730288	0.5471730644589359	0.6848842258984379
6.0	0.029599751004688146	0.07258093111695962	0.5451619127703919	0.6843870389068545
6.05	0.030245755556831844	0.07356497787760163	0.5431622581056543	0.6838942500995377
6.1	0.030897987413186834	0.07455117775727871	0.5411740756891102	0.6834059009753497
6.15	0.03155643365535599	0.0755394517059127	0.5391973390803293	0.6829220293042332
6.2	0.032221081503014615	0.07652972187228957	0.5372320202633465	0.682442669308897
6.25	0.0328919182961247	0.07752191158204336	0.5352780897316191	0.6819678518376331
6.3	0.033568931478082265	0.07851594531655659	0.5333355165688884	0.6814976045287315
6.35	0.0342521085797296	0.07951174869271893	0.5314042685261611	0.6810319519669393
6.4	0.03494143720419207	0.08050924844349117	0.5294843120950079	0.6805709158323897
6.45	0.03563690501248329	0.08150837239921527	0.5275756125773774	0.6801145150423891
6.5	0.03633849970983827	0.08250904946962656	0.5256781341520972	0.6796627658864407
6.550000000000001	0.03704620903273326	0.08351120962652236	0.523791839938238	0.6792156821548502
6.6000000000000005	0.03776002073655249	0.08451478388704037	0.521916692055494	0.6787732752612503
6.65	0.03847992258386623	0.08551970429751665	0.5200526516817381	0.6783355543593486
6.7	0.03920590233328336	0.08652590391787707	0.518199679107883	0.6779025264541981
6.75	0.03993794772885406	0.08753331680653564	0.5163577337901963	0.6774741965082675
6.800000000000001	0.04067604648998402	0.0885418780057663	0.5145267744001814	0.6770505675425689
6.8500000000000005	0.04142018630183841	0.08955152352751694	0.5127067588721571	0.6766316407330951
6.8999999999999995	0.04217035480621123	0.09056219033964263	0.5108976444486408	0.6762174155027985
6.949999999999999	0.04292653959282622	0.09157381635252904	0.5090993877236447	0.6758078896093315
7.0	0.04368872819106007	0.09258634040608693	0.507311944683989	0.6754030592287565
7.05	0.0444569080620546	0.09359970225709036	0.5055352707487223	0.6750029190354259
7.1	0.045231066591204794	0.09461384256684402	0.5037693208067455	0.6746074622782176
7.1499999999999995	0.046011191081002045	0.09562870288915737	0.502014049252722	0.6742166808532989
7.199999999999999	0.046797268744215303	0.09664422565860831	0.500269410021356	0.6738305653735928
7.25	0.04758928669739115	0.09766035417908348	0.49853535662011755	0.6734491052351002
7.3	0.04838723195466377	0.09867703261257321	0.49681184216048446	0.6730722886802296
7.35	0.049191091421848854	0.09969420596821477	0.49509881938777345	0.6727001028582772
7.4	0.05000085189082104	0.10071182009156487	0.49339624070962484	0.6723325338831898
7.45	0.05081650003415239	0.1017298216540915	0.49170405822320373	0.6719695668887417
7.5	0.05163802240000348	0.10274815814287508	0.490022223741175	0.6716111860812443
7.55	0.05246540540725242	0.10376677785050448	0.48835068881651134	0.6712573747899052
7.6	0.0532986353408601	0.10478562986516005	0.4866894047661857	0.6709081155149437
7.65	0.05413769834744531	0.10580466406087763	0.485038322693799	0.670563389973567
7.7	0.0549825804310794	0.1068238310879771	0.48339739351119226	0.6702231791439097
7.75	0.05583326744927386	0.10784308236365592	0.48176656795908746	0.6698874633070218
7.800000000000001	0.05668974510916558	0.10886237006273503	0.480145796626803	0.6695562220870032
7.8500000000000005	0.05755199896388308	0.10988164710854931	0.4785350299710811	0.6692294344893596
7.9	0.05842001440909139	0.11090086716398173	0.47693421833407346	0.6689070789376714
7.95	0.05929377667970326	0.11191998462262964	0.47534331196051255	0.6685891333086383
8.0	0.06017327084675761	0.11293895460010006	0.4737622610141162	0.6682755749655866
8.05	0.06105848181444884	0.11395773292542621	0.47219101559324794	0.6679663807904954
8.100000000000001	0.06194939431731117	0.11497627613260486	0.47062952574587535	0.667661527214616
8.149999999999999	0.06284599291754245	0.1159945414522463	0.4690777414838484	0.6673609902477433
8.2	0.06374826200247197	0.11701248680333387	0.4675356127965352	0.6670647455062007
8.25	0.06465618578215637	0.11803007078508665	0.4660030896638374	0.6667727682395919
8.299999999999999	0.06556974828710938	0.11904725266892857	0.4644801220686138	0.6664850333563785
8.35	0.06648893336615314	0.12006399239054999	0.462966660008539	0.6662015154483291
8.4	0.06741372468438944	0.12108025054206839	0.46146265350741844	0.6659221888138946
8.45	0.06834410572128713	0.12209598836427915	0.4599680526259866	0.6656470274805547
8.5	0.06928005976888119	0.12311116773899633	0.4584828074722064	0.6653760052261748
8.55	0.07022156993007977	0.1241257511814784	0.45700686821109404	0.665109095599426
8.6	0.07116861911707573	0.12513970183293954	0.45554018507408867	0.6648462719392988
8.65	0.07212119004985806	0.12615298345314263	0.4540827083679849	0.6645875073937569
8.7	0.07307926525482311	0.12716556041307003	0.4526343884834476	0.664332774937563
8.75	0.07404282706347975	0.12817739768767455	0.4511951759031267	0.6640820473893131
8.8	0.0750118576112444	0.12918846084870328	0.4497650212093866	0.6638352974277147
8.85	0.07598633883632855	0.1301987160575987	0.4483438750916714	0.6635924976071396
8.9	0.07696625247871136	0.13120813005846954	0.446931688353514	0.6633536203724802
8.95	0.07795158007919345	0.13221667017113314	0.44552841191920844	0.6631186380733443
9.0	0.07894230297853855	0.13322430428422893	0.44413399684016086	0.6628875229776088
9.05	0.07993840231668725	0.134231000848397	0.44274839430092633	0.6626602472843655
9.1	0.08093985903205358	0.1352367288695262	0.44137155562495084	0.6624367831362804
9.15	0.08194665386089128	0.13624145790206765	0.4400034322800258	0.6622171026313941
9.200000000000001	0.08295876733674068	0.13724515804241033	0.4386439758834724	0.6620011778343827
9.25	0.0839761797899381	0.13824779992232528	0.43729313820705823	0.6617889807873072
9.3	0.08499887134720008	0.13924935470246713	0.43595087118166614	0.6615804835198669
9.350000000000001	0.08602682193127453	0.14024979406594051	0.4346171269017216	0.661375658059182
9.399999999999999	0.08706001126065677	0.141249090211927	0.43329185762938605	0.6611744764391195
9.45	0.08809841884936842	0.14224721584937206	0.4319750157985288	0.6609769107091906
9.5	0.08914202400680438	0.14324414419073084	0.43066655401848875	0.6607829329430237
9.549999999999999	0.09019080583763461	0.14423984894577413	0.4293664250776274	0.6605925152464449
9.6	0.09124474324177179	0.14523430431545137	0.428074581946687	0.6604056297651713
9.65	0.09230381491439243	0.14622748498581006	0.42679097778196284	0.6602222486921374
9.7	0.09336799934601969	0.14721936612197517	0.4255155659282903	0.6600423442744724
9.75	0.09443727482265918	0.14820992336218097	0.4242482999218635	0.6598658888201338
9.8	0.09551161942599218	0.1491991328118628	0.422989133492884	0.659692854704224
9.85	0.09659101103361967	0.15018697103780032	0.4217380205680509	0.6595232143749906
9.9	0.09767542731936252	0.15117341506231807	0.4204949152728989	0.6593569403595302
9.95	0.09876484575360966	0.15215844235753972	0.41925977193398656	0.6591940052692081
10.0	0.09985924360372012	0.1531420308396957	0.4180325450809471	0.659034381804802
10.049999999999999	0.10095859793447137	0.15412415886348507	0.41681318944840084	0.6588780427613818
10.1	0.10206288560855936	0.15510480521649017	0.41560165997773846	0.6587249610329405
10.149999999999999	0.10317208328714378	0.15608394911364376	0.41439791181878083	0.658575109616778
10.2	0.10428616743044139	0.15706157019175004	0.41320190033131626	0.6584284616176578
10.25	0.10540511429836441	0.15803764850405533	0.41201358108652714	0.6582849902517364
10.3	0.10652889995120485	0.15901216451487166	0.4108329098683019	0.6581446688502827
10.35	0.10765750025036236	0.15998509909425318	0.409659842674444	0.6580074708631908
10.4	0.10879089085911475	0.1609564335127196	0.4084943357177779	0.6578733698622934
10.45	0.10992904724343333	0.16192614943603478	0.4073363454271597	0.6577423395444935
10.5	0.1110719446728371	0.16289422892003402	0.40618582844839113	0.6576143537347061
10.549999999999999	0.11221955822129104	0.1638606544054998	0.4050427416450474	0.6574893863886354
10.600000000000001	0.11337186276814282	0.1648254087130887	0.4039070420992157	0.6573674115953765
10.649999999999999	0.114528832999099	0.1657884750383094	0.40277868711215303	0.6572484035798662
10.700000000000001	0.11569044340724288	0.16674983694654733	0.4016576342048665	0.6571323367051725
10.75	0.11685666829408581	0.16770947836813943	0.4005438411186121	0.6570191854746426
10.8	0.11802748177066236	0.16866738359349787	0.39943726581532807	0.6569089245339083
10.85	0.11920285775865624	0.16962353726828072	0.39833786647799174	0.6568015286727549
10.9	0.1203827699915676	0.1705779243886134	0.39724560151091337	0.6566969728268628
10.95	0.12156719201591426	0.17153053029635446	0.39616042953996555	0.6565952320794219
11.0	0.12275609719246572	0.17248134067441323	0.3950823094127482	0.6564962816626304
11.05	0.12394945869751606	0.17343034154211057	0.3940112001986984	0.6564000969590759
11.100000000000001	0.12514724952418754	0.17437751925058786	0.39294706118914013	0.6563066535030087
11.15	0.1263494424837701	0.17532286047826706	0.39188985189728276	0.65621592698151
11.200000000000001	0.12755601020708984	0.17626635222634945	0.3908395320581661	0.6561278932355593
11.25	0.12876692514591548	0.1772079818143666	0.3897960616285546	0.6560425282610035
11.299999999999999	0.12998215957439108	0.17814773687577667	0.38875940078678767	0.6559598082094378
11.35	0.1312016855905025	0.17908560535360363	0.38772950993257893	0.6558797093889932
11.399999999999999	0.1324254751175744	0.18002157549612396	0.3867063496867778	0.6558022082650419
11.45	0.1336534999057981	0.18095563585259877	0.38568988089108397	0.6557272814608218
11.5	0.13488573153378702	0.18188777526905042	0.3846800646077262	0.6556549057579804
11.55	0.1361221414101612	0.1828179828840819	0.3836768621190988	0.6555850580970467
11.6	0.13736270077516344	0.18374624812474472	0.38268023492736525	0.6555177155778306
11.65	0.13860738070230094	0.18467256070244675	0.38169014475402463	0.6554528554597547
11.7	0.13985615210001368	0.18559691060890626	0.38070655353944494	0.6553904551621194
11.75	0.14110898571337194	0.1865192881121489	0.3797294234423648	0.655330492264306
11.799999999999999	0.14236585212579933	0.18743968375254805	0.37875871683936496	0.6552729445059201
11.850000000000001	0.14362672176082292	0.1883580883389081	0.3777943963243092	0.6552177897868795
11.899999999999999	0.1448915648838458	0.18927449294458965	0.3768364247077604	0.6551650061674422
11.950000000000001	0.1461603516039507	0.1901888889036789	0.3758847650163656	0.6551145718681876
12.0	0.1474330518757181	0.19110126780719838	0.37493938049222036	0.6550664652699448
12.05	0.1487096355010824	0.1920116214993588	0.3740002345922065	0.6550206649136734
12.1	0.14999007213119797	0.19291994207385343	0.3730672909873063	0.654977149500299
12.15	0.1512743312683369	0.19382622187019383	0.37214051356189676	0.6549358978905051
12.2	0.1525623822678075	0.19473045347008566	0.3712198664130221	0.6548968891044832
12.25	0.15385419433989256	0.19563262969384676	0.3703053138496467	0.6548601023216425
12.3	0.15514973655181163	0.19653274359686446	0.3693968203918879	0.6548255168802832
12.350000000000001	0.15644897782970624	0.1974307884660933	0.3684943507702333	0.6547931122772331
12.4	0.1577518869606399	0.19832675781659326	0.36759786992473875	0.6547628681674487
12.450000000000001	0.15905843259462527	0.1992206453881067	0.3667073430042119	0.6547347643635839
12.5	0.16036858324666792	0.2001124451416756	0.3658227353653809	0.6547087808355302
12.549999999999999	0.16168230729882693	0.2010021512562965	0.3649440125720451	0.654684897709922
12.6	0.1629995730023015	0.20188975812561527	0.3640711403942172	0.654663095269619
12.649999999999999	0.1643203484795277	0.20277526035466087	0.36320408480724886	0.654643353953157
12.7	0.16564460172630047	0.20365865275661432	0.36234281199094504	0.6546256543541776
12.75	0.1669723006139069	0.20453993034961981	0.3614872883286678	0.6546099772208298
12.8	0.1683034128912826	0.205419088353629	0.3606374804064279	0.6545963034551512
12.85	0.16963790618717955	0.2062961221872861	0.3597933550119677	0.6545846141124253
12.9	0.17097574801235338	0.2071710274648475	0.35895487913383256	0.6545748904005214
12.95	0.17231690576176584	0.20804379999313993	0.3581220199604357	0.6545671136792103
13.0	0.17366134671680022	0.2089144357685523	0.3572947448791124	0.6545612654594664
13.049999999999999	0.1750090380474949	0.20978293097406697	0.3564730214751683	0.6545573274027486
13.100000000000001	0.17635994681479017	0.2106492819763245	0.3556568175309193	0.6545552813202651
13.149999999999999	0.17771403997278623	0.21151348532272363	0.3548461010247244	0.6545551091722273
13.200000000000001	0.17907128437102016	0.21237553773855822	0.3540408401300141	0.6545567930670809
13.25	0.18043164675674972	0.21323543612418816	0.3532410032143105	0.6545603152607306
13.3	0.1817950937772551	0.214093177552243	0.3524465588382448	0.6545656581557485
13.35	0.18316159198214854	0.2149487592648629	0.35165747575456674	0.6545728043005707
13.4	0.1845311078256998	0.2158021786709723	0.35087372290715263	0.654581736388682
13.45	0.18590360766916736	0.216653433343586	0.3500952694300079	0.6545924372577919
13.5	0.18727905778314669	0.2175025210171504	0.34932208464626546	0.6546048898889983
13.55	0.1886574243499235	0.2183494395849166	0.34855413806718194	0.6546190774059455
13.600000000000001	0.1900386734658408	0.21919418709634608	0.34779139939113113	0.6546349830739675
13.65	0.19142277114367268	0.22003676175455178	0.3470338385025926	0.6546525902992312
13.700000000000001	0.19280968331500892	0.22087716191376594	0.34628142547114116	0.6546718826278661
13.75	0.1941993758326458	0.22171538607684416	0.34553413055043286	0.6546928437450908
13.799999999999999	0.19559181447298835	0.22255143289279988	0.3447919241771892	0.6547154574743302
13.85	0.19698696493845902	0.22338530115437005	0.3440547769701798	0.6547397077763317
13.899999999999999	0.1983847928599104	0.22421698979561033	0.34332265972920667	0.6547655787482712
13.95	0.19978526379905082	0.22504649788952347	0.3425955434340832	0.6547930546228582
14.0	0.20118834325086998	0.22587382464571626	0.34187339924361726	0.6548221197674345
14.05	0.20259399664607558	0.22669896940808698	0.34115619849459144	0.6548527586830722
14.1	0.2040021893535332	0.22752193165254342	0.34044391270074315	0.6548849560036638
14.15	0.20541288668271007	0.228342710984749	0.3397365135517473	0.6549186964950134
14.2	0.20682605388612685	0.22916130713789906	0.33903397291219667	0.6549539650539253
14.25	0.20824165616180978	0.22997771997052607	0.3383362628205851	0.654990746707288
14.299999999999999	0.20965965865575054	0.23079194946433268	0.3376433554882911	0.6550290266111591
14.350000000000001	0.2110800264643653	0.2316039957220538	0.3369552232985615	0.6550687900498473
14.399999999999999	0.21250272463695985	0.23241385896534716	0.336271838805497	0.6551100224349947
14.450000000000001	0.21392771817819733	0.2332215395327104	0.3355931747330414	0.6551527093046573
14.5	0.21535497205056497	0.23402703787742607	0.33491920397396846	0.6551968363223868
14.55	0.21678445117684575	0.2348303545655347	0.3342498995888733	0.6552423892763102
14.6	0.21821612044258953	0.23563149027383357	0.3335852348051663	0.6552893540782118
14.65	0.21964994469858656	0.23643044578790284	0.33292518301606655	0.655337716762614
14.7	0.22108588876333923	0.237227222000158	0.33226971777960024	0.6553874634858611
14.75	0.22252391742553612	0.23802181990792792	0.33161881281760003	0.6554385805252012
14.8	0.22396399544652368	0.23881424061155876	0.3309724420147076	0.6554910542778736
14.850000000000001	0.22540608756277813	0.2396044853125443	0.33033057941737826	0.655544871260191
14.9	0.22685015848837753	0.2403925553116808	0.3296931992328896	0.6556000181066332
14.950000000000001	0.22829617291746918	0.24117845200724697	0.3290602758283517	0.6556564815689323
15.0	0.2297440955267367	0.24196217689320731	0.3284317837297214	0.6557142485151684
15.049999999999999	0.23119389097786647	0.242743731557443	0.32780769762082007	0.6557733059288626
15.1	0.23264552392000737	0.24352311768000412	0.3271879923423527	0.655833640908075
15.149999999999999	0.23409895899223065	0.2443003370313871	0.3265726428909329	0.6558952406645047
15.2	0.23555416082598502	0.24507539147083546	0.3259616244181095	0.6559580925225924
15.25	0.23701109404754717	0.24584828294466443	0.32535491222939805	0.6560221839186264
15.3	0.23846972328046856	0.24661901348460658	0.3247524817833153	0.6560875023998528
15.35	0.23993001314801965	0.2473875852061843	0.324154308690417	0.656154035623586
15.4	0.2413919282756235	0.24815400030710122	0.3235603687123403	0.656221771356327
15.45	0.2428554332932904	0.24891826106565795	0.32297063776084967	0.6562906974728808
15.5	0.24432049283804158	0.24968036983918918	0.3223850918968867	0.656360801955482
15.549999999999999	0.2457870715563295	0.25044032906252134	0.32180370732962527	0.6564320728929198
15.600000000000001	0.24725513410645128	0.2511981412464561	0.3212264604155273	0.6565044984796704
15.649999999999999	0.24872464516095316	0.2519538089762702	0.32065332765740756	0.6565780670150325
15.700000000000001	0.25019556940903176	0.25270733491024	0.3200842857034978	0.6566527669022659
15.75	0.2516678715589218	0.25345872177818385	0.319519311346519	0.6567285866477354
15.8	0.2531415163402825	0.2542079723800288	0.3189583815227559	0.656805514860058
15.85	0.2546164685065688	0.2549550895843936	0.31840147331113555	0.6568835402492578
15.9	0.2560926928374021	0.2557000763271955	0.31784856393231253	0.6569626516259198
15.95	0.25757015414092177	0.25644293561027476	0.3172996307477556	0.6570428379003528
16.0	0.2590488172561367	0.25718367050003943	0.3167546512588413	0.6571240880817567
16.05	0.2605286470552619	0.2579222841261287	0.3162136031059506	0.6572063912773902
16.1	0.26200960844604604	0.25865877968009776	0.31567646406757066	0.6572897366917507
16.15	0.2634916663740893	0.25939316041411975	0.31514321205940155	0.6573741136257502
16.200000000000003	0.26497478582515055	0.26012542963970664	0.31461382513346625	0.6574595114759033
16.25	0.26645893182744174	0.26085559072644793	0.31408828147722706	0.6575459197335181
16.299999999999997	0.26794406945391425	0.261583647100771	0.31356655941270495	0.6576333279838891
16.35	0.26943016382453144	0.26230960224471533	0.3130486373956048	0.6577217259054988
16.4	0.27091718010852706	0.2630334596947269	0.31253449401444494	0.6578111032692229
16.45	0.2724050835266578	0.2637552230404705	0.31202410798969105	0.6579014499375405
16.5	0.2738938393534366	0.26447489592365714	0.3115174581728958	0.6579927558637494
16.55	0.27538341291935653	0.2651924820368926	0.3110145235458418	0.6580850110911868
16.599999999999998	0.2768737696131025	0.26590798512253766	0.310515283219691	0.6581782057524563
16.65	0.2783648748837457	0.2666214089715919	0.31001971643413617	0.6582723300686569
16.7	0.27985669424292836	0.267332757422587	0.30952780255656165	0.6583673743486208
16.75	0.281349193267032	0.26804203436050167	0.30903952108120397	0.6584633289881536
16.8	0.2828423375993333	0.2687492437156902	0.30855485162832036	0.6585601844692828
16.85	0.2843360929521437	0.2694543894628282	0.30807377394336105	0.6586579313595082
16.9	0.2858304251089344	0.27015747561987313	0.3075962678961468	0.6587565603110599
16.95	0.28732529992644973	0.27085850624704066	0.3071223134800506	0.6588560620601606
17.0	0.28882068333679833	0.27155748544579805	0.30665189081118505	0.6589564274262942
17.05	0.29031654134953644	0.2722544173578687	0.30618498012759326	0.6590576473114779
17.1	0.2918128400537304	0.2729493061642576	0.3057215617884463	0.6591597126995418
17.150000000000002	0.2933095456200052	0.27364215608428566	0.30526161627324455	0.659262614655412
17.2	0.29480662430257487	0.2743329713746425	0.3048051241810229	0.6593663443243998
17.25	0.2963040424412602	0.2750217563284527	0.304352066229563	0.6594708929314961
17.3	0.2978017664634851	0.2757085152743556	0.3039024232546077	0.6595762517806723
17.35	0.2992997628862597	0.27639325257559966	0.3034561762090833	0.6596824122541831
17.4	0.30079799831814313	0.2770759726291512	0.30301330616232297	0.6597893658118787
17.450000000000003	0.3022964394611931	0.27775667986481634	0.3025737942992994	0.6598971039905204
17.5	0.303795053112893	0.27843537874437563	0.30213762191985755	0.6600056184031
17.549999999999997	0.30529380616806523	0.27911207376073466	0.3017047704379549	0.6601149007381677
17.6	0.3067926656207651	0.27978676943708436	0.30127522138090734	0.6602249427591623
17.65	0.30829159856615473	0.2804594703260773	0.3008489563886365	0.6603357363037484
17.7	0.3097905722023635	0.2811301810090152	0.3004259572129252	0.6604472732831588
17.75	0.3112895538323234	0.28179890609504943	0.3000062057166758	0.6605595456815412
17.8	0.3127885108655911	0.2824656502203946	0.2995896838731727	0.6606725455553101
17.849999999999998	0.31428741082014966	0.28313041804755323	0.29917637376535233	0.6607862650325047
17.9	0.31578622132418877	0.2837932142645547	0.29876625758507386	0.6609006963121522
17.95	0.31728491011786963	0.2844540435842038	0.29835931763239915	0.6610158316636348
18.0	0.3187834450550663	0.28511291074334244	0.29795553631487254	0.6611316634260631
18.05	0.3202817941050926	0.28576982050212385	0.2975548961468095	0.6612481840076538
18.1	0.3217799253544038	0.2864247776432962	0.2971573797485868	0.6613653858851134
18.15	0.3232778070082831	0.28707778697149977	0.2967629698459396	0.6614832616030271
18.2	0.3247754073925049	0.2877288533125737	0.29637164926926174	0.6616018037732498
18.25	0.32627269495497935	0.2883779815128753	0.2959834009529109	0.6617210050743075
18.3	0.3277696382673785	0.2890251764386089	0.2955982079345182	0.6618408582507976
18.35	0.32926620602673773	0.28967044297516664	0.29521605335430334	0.6619613561127992
18.400000000000002	0.33076236705704	0.29031378602647917	0.29483692045439286	0.6620824915352863
18.45	0.3322580903107796	0.2909552105143771	0.29446079257814406	0.662204257457545
18.5	0.33375334487050357	0.2915947213779637	0.29408765316947205	0.662326646882597
18.55	0.3352480999503329	0.2922323235729951	0.29371748577218326	0.6624496528766287
18.6	0.3367423248974638	0.29286802207127505	0.2933502740293112	0.6625732685684216
18.65	0.33823598919364584	0.2935018218600549	0.2929860016824584	0.6626974871487924
18.700000000000003	0.33972906245664225	0.2941337279414469	0.29262465257114223	0.6628223018700335
18.75	0.3412215144416645	0.29476374533184424	0.29226621063214403	0.662947706045362
18.799999999999997	0.3427133150427911	0.29539187906135456	0.2919106598988646	0.6630736930483702
18.85	0.3442044342943613	0.29601813417323897	0.29155798450068243	0.6632002563124828
18.9	0.34569484237234627	0.29664251572336187	0.29120816866231686	0.6633273893304186
18.95	0.3471845095957037	0.2972650287796512	0.29086119670319505	0.6634550856536556
19.0	0.3486734064277066	0.2978856784215653	0.2905170530368252	0.6635833388919024
19.05	0.3501615034772526	0.29850446973957057	0.29017572217017085	0.6637121427125736
19.099999999999998	0.35164877150014984	0.29912140783462715	0.28983718870303155	0.6638414908402682
19.15	0.3531351814003836	0.29973649781768374	0.28950143732742795	0.6639713770562554
19.2	0.3546207042313587	0.30034974480917975	0.28916845282698966	0.6641017951979634
19.25	0.35610531119712197	0.30096115393855816	0.2888382200763483	0.664232739158471
19.3	0.3575889736535628	0.30157073034378346	0.288510724040535	0.6643642028860068
19.35	0.3590716631095895	0.3021784791708716	0.2881859497743803	0.6644961803834524
19.4	0.3605533512282868	0.30278440557342434	0.2878638824219202	0.664628665707846
19.45	0.36203400982805056	0.3033885147121741	0.2875445072158056	0.664761652969895
19.5	0.3635136108836994	0.3039908117545358	0.2872278094767148	0.6648951363334926
19.55	0.3649921265275651	0.30459130187416616	0.2869137746127716	0.6650291100152346
19.6	0.36646952905056185	0.3051899902505315	0.2866023881189666	0.6651635682839447
19.650000000000002	0.3679457909032334	0.3057868820684819	0.2862936355765821	0.6652985054602019
19.7	0.3694208846967758	0.30638198251783333	0.28598750265262224	0.6654339159158741
19.75	0.3708947832040421	0.30697529679295776	0.28568397509924537	0.665569794073652
19.8	0.37236745936052285	0.3075668300923794	0.28538303875320226	0.6657061344065927
19.85	0.37383888626530415	0.30815658761837916	0.28508467953527616	0.6658429314376608
19.9	0.3753090371820058	0.3087445745766041	0.2847888834497288	0.6659801797392808
19.950000000000003	0.37677788553969616	0.30933079617568704	0.2844956365837488	0.6661178739328866
20.0	0.378245404933784	0.3099152576268688	0.284204925106904	0.6662560086884802
