g	infid_local	infid_remote	ps_local	ps_remote
0.0	0.6	0.6	0.8185941043083906	0.9088857009167991
0.1	0.6007712125685577	0.5998071235454722	0.8154466532922281	0.9080868658931495
0.2	0.603085411961892	0.599226413800654	0.8061098717918179	0.9057065681746832
0.3	0.6069436375645811	0.5982516918643817	0.7908933005479348	0.9017926008763328
0.4	0.6123454595959814	0.5968728663613533	0.7702897851879837	0.8964219374911501
0.5	0.61928570056511	0.595076241113755	0.7449437348106402	0.8896969822233799
0.6	0.6277497719242884	0.5928449404088922	0.715611837607117	0.8817408248549332
0.7000000000000001	0.6377075506184656	0.5901594455035463	0.6831202879810496	0.8726919163989771
0.8	0.6491057063072401	0.5869982332178842	0.6483224762015662	0.8626985941744948
0.8999999999999999	0.6618583996634433	0.5833385043751182	0.6120604711517035	0.8519138461063307
1.0	0.6758363296889701	0.5791569866735119	0.5751326795216014	0.8404906257952983
1.0999999999999999	0.6908542475374775	0.574430793590548	0.5382690050030026	0.8285779287037955
1.2	0.7066573180959376	0.5691383183271996	0.502113844263231	0.8163177331437452
1.3	0.7229071424837665	0.5632601397324458	0.46721646788563126	0.8038428128076347
1.4000000000000001	0.7391688855673235	0.5567799156474658	0.4340278005009629	0.7912753510049868
1.5	0.7549017730949075	0.5496852381639353	0.40290233280133886	0.7787262358301282
1.6	0.7694561416557633	0.541968424886907	0.3741038278651587	0.7662948904453906
1.7000000000000002	0.7820810182260434	0.5336272204619485	0.3478135660680179	0.7540694899552126
1.7999999999999998	0.7919464852925463	0.524665383475585	0.3241400464443393	0.742127430178239
1.9	0.7981843236597553	0.5150931355445405	0.3031292766029713	0.7305359375123779
2.0	0.7999480979392588	0.5049274521812921	0.2847750008645938	0.7193527370656267
2.1	0.7964897517597442	0.4941921790394198	0.26902841377357545	0.7086267235960437
2.1999999999999997	0.7872444090463027	0.4829179624826373	0.25580707173391604	0.6983986034411349
2.3	0.7719098926157267	0.47114199001262147	0.2450028457940342	0.6887014939115952
2.4	0.7505046697433568	0.4589075436752096	0.23648885538220926	0.6795614792100592
2.5	0.7233895652118068	0.4462633777051993	0.23012539064839083	0.670998129313694
2.6	0.691245272886738	0.43326293978999453	0.2257648755657618	0.6630249914267184
2.7	0.6550078082325036	0.41996346278266217	0.22325595056168904	0.6556500637448528
2.8000000000000003	0.6157740729100791	0.4064249598385279	0.22244676699939453	0.6488762595168852
2.9000000000000004	0.5746959485654521	0.39270916024644575	0.22318759026157428	0.642701866701431
3.0	0.53288181782852	0.3788784253057831	0.225332806556503	0.6371210056261924
3.1	0.4913197244043943	0.36499468330868134	0.22874242315480953	0.6321240844482193
3.2	0.4508290417763303	0.35111842010117755	0.23328314420709265	0.6276982501603728
3.3000000000000003	0.4120404082086129	0.3373077571068155	0.23882909572387986	0.6238278314981673
3.4000000000000004	0.3753987565003436	0.32361764256134307	0.2452622644796754	0.6204947693613379
3.5000000000000004	0.3411820901555269	0.31009917459055814	0.2524727070190156	0.617679030191775
3.5999999999999996	0.3095287431366014	0.29679906726294125	0.2603585768885947	0.6153589980231181
3.6999999999999997	0.2804672740686214	0.2837592634293402	0.2688260108565408	0.6135118415065459
3.8	0.2539450111789673	0.27101669150231933	0.27778890827876096	0.6121138529992228
3.9	0.22985299834919393	0.2586031576847938	0.2871686319449943	0.6111407576713496
4.0	0.2080464233182504	0.2465453607512904	0.2968936536585117	0.6105679914620701
4.1000000000000005	0.18836048677790507	0.23486501340140464	0.3068991634256942	0.6103709475336012
4.2	0.17062216402774377	0.22357905241272902	0.3171266573952702	0.6105251915976055
4.3	0.1546585263284571	0.2126999191975688	0.3275235165268103	0.6110066470962355
4.3999999999999995	0.14030232928355024	0.20223589273111853	0.33804258531843284	0.6117917517043462
4.5	0.12739551963981266	0.1921914579532885	0.3486417577210129	0.6128575869811606
4.6	0.11579121344675536	0.18256769443044296	0.3592835755508344	0.6141819832479525
4.7	0.10535458996233726	0.17336267208805156	0.3699348432298557	0.6157436019161697
4.8	0.0959630442931736	0.1645718430081139	0.38056626148317013	0.6175219975528426
4.9	0.08750585506256103	0.15618842047711046	0.3911520816628915	0.6194976619626937
5.0	0.0798835533289195	0.1482037385580235	0.40166978160793326	0.6216520525040597
5.1	0.07300712454181668	0.14060758736505963	0.4120997633563316	0.6239676067522467
5.2	0.06679713428818557	0.13338852089422293	0.4224250725718421	0.6264277454913579
5.3	0.06118283839759042	0.12653413568438832	0.4326311392046912	0.6290168658642054
5.4	0.05610131624361292	0.12003131974951875	0.4427055386564351	0.6317203263481443
5.5	0.051496650745085804	0.11386647214489509	0.4526377725431111	0.6345244250592826
5.6000000000000005	0.04731916797463698	0.10802569423006625	0.46241906803429356	0.6374163727238065
5.7	0.04352474212854074	0.10249495419545818	0.47204219467590114	0.6403842614969999
5.800000000000001	0.04007416691975718	0.09726022675726509	0.4815012975713666	0.6434170306607179
5.8999999999999995	0.03693259149629691	0.0923076101254725	0.49079174579063034	0.6465044300904037
6.0	0.03406901722714062	0.08762342243997912	0.49990999489250043	0.6496369822543829
6.1	0.03145585075419943	0.08319427987462169	0.5088534624776249	0.6528059433914832
6.2	0.029068508308348173	0.07900715855004825	0.5176204157322104	0.6560032644082269
6.3	0.026885066238641953	0.07504944229216937	0.5262098699730982	0.6592215519434622
6.4	0.024885952873412664	0.07130895813847038	0.5346214972600618	0.6624540299659579
6.5	0.02305367712899764	0.0677740013418614	0.5428555441990498	0.6656945021983899
6.6000000000000005	0.021372589645189732	0.06443335146048845	0.5509127581188245	0.6689373155985917
6.7	0.019828672615776477	0.061276280959148166	0.5587943208618147	0.6721773250750428
6.800000000000001	0.018409354872013006	0.0582925575889377	0.5665017894870198	0.6754098595675441
6.9	0.017103349150733083	0.055472441660127325	0.5740370432378031	0.678630689584988
7.000000000000001	0.01590050882805938	0.05280667918145132	0.5814022361799246	0.6818359962593773
7.1	0.014791701719818029	0.050286491708405046	0.5885997549648783	0.685022341947913
7.199999999999999	0.01376869883924281	0.04790356362445114	0.5956321812203327	0.6881866423925279
7.3	0.012824076261705342	0.04565002747232094	0.6025022581131494	0.6913261404278886
7.3999999999999995	0.011951128476419326	0.04351844785761316	0.6092128606710832	0.6944383812142072
7.5	0.011143791808450487	0.04150180436301487	0.6157669694868917	0.6975211889595717
7.6	0.010396576673239677	0.03959347383803813	0.6221676474632764	0.7005726450875278
7.7	0.0097045075826514	0.037787212365240186	0.6284180192890283	0.703591067798898
7.8	0.009063069958684666	0.036077137148722294	0.6345212533660145	0.7065749929719397
7.9	0.008468162930696743	0.03445770852326702	0.6404805459334506	0.7095231563416577
8.0	0.00791605739632184	0.032923712242030057	0.6462991071603583	0.7124344768970656
8.1	0.007403358717165687	0.03147024216636518	0.651980148999414	0.715308041434251
8.200000000000001	0.006926973499482569	0.03009268345242122	0.6575268746156732	0.7181430902030363
8.3	0.006484079978890556	0.028786696304883286	0.6629424692220758	0.7209390035856368
8.4	0.006072101588128431	0.027548200348032403	0.6682300921703757	0.7236952897468844
8.5	0.005688683339010625	0.026373359647606343	0.6733928701612648	0.7264115731972035
8.6	0.005331670695169044	0.02525856840323859	0.6784338914511929	0.729087584211415
8.7	0.004999090651740756	0.024200437320114565	0.6833562009457804	0.7317231490486303
8.799999999999999	0.004689134772645098	0.023195780659527876	0.6881627960809195	0.7343181809208055
8.9	0.004400143966189374	0.02224160396088748	0.692856623402797	0.7368726716599476
9.0	0.004130594805993537	0.021335092422144264	0.6974405757671791	0.7393866840364702
9.1	0.0038790872271661225	0.020473599921321695	0.7019174900865396	0.7418603446836726
9.2	0.0036443334477220812	0.019654638658617052	0.706290145561033	0.7442938375858301
9.3	0.0034251479827818176	0.01887586939622854	0.7105612623359856	0.7466873980898109
9.4	0.003220438634466971	0.018135092271463593	0.7147335005345979	0.7490413074025439
9.5	0.0030291983538880407	0.017430238157706612	0.7188094596199581	0.7513558875389663
9.6	0.002850497883440495	0.01675936054730942	0.7227916780453347	0.7536314966873254
9.700000000000001	0.002683479098034125	0.016120627930365394	0.7266826331560905	0.7558685249608443
9.8	0.002527348973000776	0.015512316643512492	0.7304847413104927	0.758067390506802
9.9	0.0023813741144863565	0.014932804163354851	0.7342003581902226	0.7602285359460441
10.0	0.002244875795210155	0.014380562819715004	0.7378317792745673	0.7623524251177587
10.100000000000001	0.0021172254447371364	0.01385415390469047	0.7413812404551119	0.7644395401061158
10.2	0.0019978405489211593	0.013352222154358273	0.7448509187703138	0.7664903785270036
10.299999999999999	0.0018861809180716893	0.012873490580899372	0.7482429332416349	0.7685054510546442
10.4	0.0017817452876949247	0.012416755633908871	0.7515593457949504	0.7704852791693292
10.5	0.0016840682195123913	0.011980882670649562	0.7548021622528104	0.7724303931088619
10.6	0.001592717273822708	0.011564801716032136	0.7579733333847676	0.7743413300075892
10.7	0.0015072904273065735	0.01116750349410367	0.7610747560044779	0.7762186322080783
10.8	0.001427413713037451	0.010788035713828359	0.7641082741035867	0.7780628457316077
10.9	0.001352739061838193	0.010425499592908616	0.7670756800136126	0.779874518894685
11.0	0.001282942326249703	0.01007904660433745	0.7699787155880997	0.7816542010597647
11.1	0.001217721470256783	0.009747875431279973	0.7728190733982437	0.7834024415092218
11.200000000000001	0.001156794909597636	0.009431229116751871	0.7755983979360611	0.7851197884324992
11.3	0.0010998999889999528	0.00912839239540053	0.778318286819915	0.7868067880170848
11.4	0.0010467915840066677	0.008838689195472704	0.7809802919978919	0.788463983634728
11.5	0.0009972408162790547	0.008561480299829283	0.7835859209451214	0.7900919151149368
11.600000000000001	0.0009510338723206502	0.008296161155554316	0.7861366378516733	0.7916911180984424
11.700000000000001	0.0009079709165419336	0.008042159822399197	0.7886338647981377	0.7932621234638706
11.799999999999999	0.0008678650904438978	0.007798935050927214	0.7910789829164223	0.7948054568213905
11.899999999999999	0.0008305415904767965	0.007565974481829274	0.7934733335336817	0.7963216380676177
12.0	0.0007958368178208053	0.007342792958437427	0.7958182192976185	0.7978111809964673
12.1	0.0007635975939791484	0.007128930944992562	0.7981149052817105	0.799274592961108
12.2	0.0007336804366164795	0.006923953043722286	0.8003646200691619	0.8007123745825278
12.3	0.000705950890597884	0.006727446604243625	0.802568556814627	0.8021250195005944
12.4	0.0006802829096429486	0.006539020419236485	0.8047278742829478	0.8035130141638119
12.5	0.000656558284410913	0.006358303500752505	0.8068436978643367	0.8048768376542892
12.6	0.0006346661132206055	0.006184943931881848	0.8089171205655887	0.8062169615447112
12.7	0.0006145023119351611	0.006018607788880859	0.8109492039770536	0.8075338497843636
12.8	0.0005959691598544925	0.005858978129166581	0.8129409792152126	0.8088279586115075
12.9	0.0005789748787276006	0.005705754040914668	0.8148934478408205	0.8100997364896037
13.0	0.0005634332422583821	0.005558649750274869	0.8168075827526615	0.8113496240651157
13.100000000000001	0.0005492632136860909	0.0054173937824810725	0.8186843290570431	0.8125780541447851
13.200000000000001	0.0005363886092556447	0.0052817281734022226	0.820524604913236	0.8137854516904532
13.3	0.0005247377855465141	0.005151407728282487	0.822329302355109	0.8149722338296755
13.4	0.0005142433488304343	0.005026199324674296	0.8240992880892786	0.8161388098804908
13.5	0.0005048418847604097	0.004905881256728639	0.8258354042701115	0.8172855813888847
13.600000000000001	0.0004964737068415825	0.004790242618237128	0.8275384692519812	0.818412942177566
13.700000000000001	0.0004890826222677669	0.004679082721953831	0.8292092783191923	0.8195212784048315
13.8	0.00048261571381258417	0.004572210552927558	0.8308486043940079	0.8206109686323673
13.900000000000002	0.0004770231365816002	0.004469444253696886	0.8324571987232532	0.82168238390095
14.000000000000002	0.00047225792851990356	0.004370610639357175	0.8340357915439649	0.8227358878131003
14.099999999999998	0.00046827583366382264	0.004275544740639625	0.8355850927285768	0.8237718366218095
14.2	0.0004650351372058603	0.004184089373259647	0.8371057924101394	0.8247905793245561
14.299999999999999	0.0004624965115077595	0.004096094731911082	0.8385985615880757	0.8257924577618836
14.399999999999999	0.0004606228722815464	0.004011418007388912	0.840064052714977	0.8267778067198734
14.499999999999998	0.0004593792441986988	0.003929923025417614	0.8415029002649482	0.8277469540359287
14.6	0.00045873263526130525	0.003851479905864208	0.8429157212840016	0.8287002207073044
14.7	0.00045865191931260263	0.0037759647410890995	0.8443031159230041	0.8296379210018966
14.799999999999999	0.00045910772611468254	0.0037032592922801033	0.8456656679536775	0.8305603625708405
14.899999999999999	0.00046007233846201423	0.003633250702681279	0.8470039452681379	0.831467846562501
15.0	0.00046151959584572744	0.0035658312267023984	0.8483185003624639	0.8323606677374945
15.1	0.00046342480421102117	0.0035008979739586943	0.8496098708047664	0.8332391145844
15.2	0.00046576465139192	0.0034383526673483766	0.8508785796882353	0.83410346943586
15.299999999999999	0.00046851712783735344	0.0033781014143432486	0.8521251360696186	0.8349540085847973
15.4	0.0004716614522652929	0.0033200544906982765	0.8533500353935846	0.8357910024005065
15.5	0.00047517800191809734	0.0032641261358637985	0.8545537599034129	0.8366147154443937
15.6	0.0004790482471037638	0.003210234359406927	0.8557367790384404	0.8374254065851734
15.7	0.00048325468974375063	0.0031583007578005473	0.8568995498186838	0.8382233291133426
15.8	0.00048778080565836657	0.003108250340981278	0.8580425172170527	0.8390087308547768
15.9	0.0004926109903437004	0.0030600113681089613	0.8591661145195477	0.8397818542833113
16.0	0.0004977305080136052	0.003013515192000993	0.8602707636738369	0.8405429366321812
16.1	0.0005031254436896893	0.0029686961117409982	0.8613568756265839	0.8412922100042135
16.2	0.0005087826581465782	0.002925491232998345	0.8624248506499018	0.8420299014806771
16.3	0.0005146897455265975	0.002883840335620391	0.8634750786572845	0.842756233228712
16.400000000000002	0.0005208349934499035	0.0028436857480859112	0.8645079395093658	0.8434714226072565
16.5	0.0005272073454675175	0.0028049722284322343	0.8655238033098388	0.8441756822714257
16.6	0.0005337963657024991	0.002767646851295824	0.8665230306918684	0.8448692202752788
16.7	0.0005405922055452539	0.0027316589007255754	0.8675059730953042	0.8455522401729367
16.8	0.0005475855722725242	0.002696959768443863	0.8684729730350096	0.846224941118015
16.900000000000002	0.00055476769947016	0.0026635028572588038	0.8694243643605954	0.8468875179613453
17.0	0.000562130319148535	0.002631243489345514	0.8703604725078529	0.8475401613469582
17.1	0.0005696656354461371	0.0026001388191205788	0.8712816147421574	0.8481830578063199
17.2	0.0005773662998226348	0.0025701477504721515	0.872188100394117	0.8488163898508032
17.299999999999997	0.000585225387651489	0.0025412308580964327	0.8730802310877244	0.8494403360623939
17.4	0.0005932363761271819	0.002513350312730367	0.8739583009612621	0.8500550711826234
17.5	0.0006013931234075676	0.0024864698100600657	0.8748225968812097	0.8506607661997412
17.599999999999998	0.0006096898489149627	0.002460554503115886	0.8756733986493803	0.8512575884341186
17.7	0.0006181211147302523	0.0024355709379640933	0.8765109792035223	0.8518457016219017
17.8	0.0006266818080131742	0.002411486992520695	0.8773356048116004	0.852425265996923
17.9	0.0006353671243857217	0.002388271818324794	0.8781475352599695	0.8529964383708827
18.0	0.0006441725522261521	0.0023658957851117046	0.8789470240356484	0.8535593722118198
18.099999999999998	0.0006530938578166445	0.0023443304280410526	0.8797343185028893	0.8541142177208854
18.2	0.0006621270712965366	0.002323548397443531	0.8805096600742374	0.8546611219074425
18.3	0.0006712684733738428	0.0023035234109507474	0.8812732843762587	0.8552002286625104
18.4	0.0006805145827509795	0.0022842302078881493	0.8820254214101254	0.8557316788305807
18.5	0.0006898621442239516	0.002265644505814235	0.8827662957072198	0.856255610279814
18.6	0.0006993081174148097	0.002247742959096022	0.8834961264799314	0.8567721579706666
18.7	0.0007088496661044053	0.0022305031194139735	0.8842151277678032	0.8572814540229425
18.8	0.0007184841481290283	0.002213903398102679	0.8849235085791846	0.8577836277813247
18.9	0.0007282091058085083	0.0021979230302322517	0.8856214730285394	0.858278805879386
19.0	0.0007380222568770245	0.0021825420403406293	0.8863092204695535	0.8587671123021324
19.1	0.0007479214858889804	0.002167741209738394	0.8869869456241828	0.8592486684470773
19.2	0.0007579048360721874	0.0021535020453047338	0.8876548387077737	0.8597235931839023
19.3	0.0007679705016039318	0.002139806749699269	0.8883130855503898	0.860192002912711
19.400000000000002	0.0007781168202868338	0.002126638192923025	0.8889618677144665	0.8606540116209117
19.5	0.0007883422666006279	0.002113979885158712	0.889601362608916	0.8611097309387565
19.6	0.000798645445114543	0.00210181595083081	0.8902317435998004	0.8615592701935642
19.7	0.0008090250842315294	0.0020901311038198367	0.8908531801176856	0.8620027364626535
19.8	0.0008194800302556704	0.0020789106237849575	0.8914658377617808	0.8624402346250106
19.900000000000002	0.0008300092417599103	0.002068140333527202	0.8920698784009776	0.8628718674117265
20.0	0.0008406117842387761	0.002057806577358101	0.8926654602718802	0.8632977354552203
20.1	0.0008512868250303285	0.0020478962004115697	0.8932527380739304	0.863717937337288
20.200000000000003	0.0008620336284957952	0.0020383965288648387	0.893831863061721	0.8641325696359872
20.3	0.0008728515514399016	0.0020292953510177014	0.894402983134589	0.8645417269713964
20.4	0.0008837400387587957	0.002020580899193547	0.8949662429235737	0.864945502050275
20.5	0.0008946986193076878	0.002012241832420991	0.89552178387583	0.8653439857096343
20.599999999999998	0.0009057269019722147	0.002004267219859579	0.896069744336575	0.8657372669592633
20.7	0.000916824571934094	0.001996646524937473	0.8966102596286474	0.8661254330232226
20.8	0.0009279913871222956	0.0019893695901636033	0.8971434621297583	0.8665085693803327
20.9	0.0009392271748405179	0.001982426622583966	0.897669481347507	0.8668867598036805
21.0	0.0009505318285552011	0.001975808179857319	0.8981884439922296	0.8672600863991711
21.099999999999998	0.0009619053048475212	0.0019695051569111888	0.8987004740477548	0.8676286296431415
21.2	0.0009733476205082692	0.00196350877316398	0.899205692840129	0.8679924684190622
21.3	0.0009848588497810562	0.001957810560277773	0.8997042191043781	0.8683516800533495
21.4	0.0009964391217304192	0.0019524023504218224	0.9001961690493645	0.8687063403503088
21.5	0.0010080886177468162	0.0019472762650206699	0.9006816564208044	0.8690565236262281
21.6	0.001019807569166864	0.0019424247039708797	0.9011607925624977	0.8694023027426473
21.7	0.0010315962550084823	0.001937840335297425	0.9016336864758296	0.8697437491388197
21.8	0.0010434549998180609	0.0019335160852363975	0.9021004448775998	0.8700809328633861
21.9	0.001055384171616991	0.0019294451287219516	0.9025611722562256	0.8704139226052827
22.0	0.001067384179950892	0.0019256208802577168	0.9030159709263754	0.8707427857239007
22.1	0.0010794554740272133	0.0019220369851626895	0.9034649410820792	0.871067588278514
22.2	0.0010915985409465367	0.001918687311164291	0.9039081808483601	0.8713883950569992
22.3	0.0011038139040152606	0.001915565940334929	0.9043457863314392	0.871705269603857
22.400000000000002	0.001116102121136997	0.0019126671613477475	0.9047778516675505	0.8720182742475633
22.5	0.0011284637832847944	0.0019099854620409085	0.9052044690704131	0.8723274701272548
22.6	0.0011408995130401944	0.001907515522281522	0.9056257288774014	0.8726329172187739
22.7	0.0011534099632068973	0.001905252207106578	0.906041719594451	0.8729346743600899
22.8	0.0011659958154837113	0.0019031905601373245	0.9064525279397386	0.8732327992761046
22.900000000000002	0.0011786577792050057	0.0019013257972538833	0.9068582388861782	0.8735273486028632
23.0	0.0011913965901383383	0.0018996533005113392	0.907258935702762	0.8738183779111883
23.1	0.0012042130093370407	0.0018981686123016317	0.9076546999947857	0.8741059417297419
23.200000000000003	0.0012171078220480913	0.0018968674297348276	0.908045611742991	0.8743900935675422
23.3	0.001230081836672503	0.0018957455992409944	0.9084317493416563	0.874670885935937
23.400000000000002	0.00124313588377023	0.0018947991113813512	0.9088131896356698	0.8749483703700582
23.5	0.0012562708151152568	0.0018940240958554844	0.9091900079566115	0.8752225974497585
23.599999999999998	0.0012694875027916552	0.0018934168167034082	0.9095622781578775	0.875493616820058
23.7	0.0012827868383347152	0.0018929736676873699	0.909930072648871	0.8757614772111006
23.799999999999997	0.001296169731908492	0.0018926911678519565	0.9102934624282942	0.8760262264576386
23.9	0.001309637111524986	0.0018925659572494036	0.910652517116558	0.8762879115180541
24.0	0.0013231899222958532	0.0018925947928295495	0.9110073049873431	0.8765465784929348
24.099999999999998	0.0013368291257223053	0.0018927745444802246	0.9113578929983368	0.8768022726432092
24.2	0.001350555699014322	0.0018931021912219625	0.9117043468211654	0.8770550384078551
24.3	0.0013643706344451667	0.001893574817536825	0.9120467308705473	0.8773049194211917
24.4	0.0013782749387317716	0.0018941896098418898	0.9123851083326933	0.8775519585297651
24.5	0.0013922696324467632	0.0018949438530870832	0.9127195411929703	0.8777961978088428
24.6	0.0014063557494539136	0.001895834927483131	0.9130500902628533	0.8780376785785129
24.7	0.0014205343363755674	0.0018968603053469701	0.9133768152061847	0.8782764414194211
24.8	0.0014348064520778303	0.0018980175480646233	0.9136997745647621	0.8785125261881279
24.9	0.001449173167182627	0.0018993043031642065	0.914019025783271	0.8787459720321183
25.0	0.0014636355636048481	0.001900718301497406	0.9143346252335857	0.8789768174044579
25.1	0.0014781947341045987	0.0019022573545195431	0.9146466282384516	0.8792051000781114
25.2	0.0014928517818646458	0.001903919351672556	0.9149550890945699	0.8794308571599303
25.3	0.0015076078200862986	0.001905702257858577	0.9152600610951007	0.8796541251043195
25.4	0.0015224639716036048	0.0019076041110073216	0.9155615965515989	0.8798749397265835
25.5	0.0015374213685133142	0.0019096230197288566	0.915859746815402	0.8800933362159751
25.6	0.0015524811518258241	0.00191175716104941	0.9161545622984844	0.8803093491484353
25.7	0.0015676444711282267	0.0019140047782311154	0.91644609249379	0.8805230124990482
25.8	0.001582912484266119	0.001916364178665253	0.9167343859950625	0.8807343596542119
25.900000000000002	0.0015982863570365158	0.0019188337318425397	0.9170194905161855	0.8809434234235254
26.0	0.0016137672628980804	0.0019214118673935854	0.9173014529100416	0.8811502360514142
26.1	0.0016293563826931257	0.0019240970731981832	0.9175803191869131	0.8813548292284841
26.200000000000003	0.0016450549043817153	0.0019268878935626566	0.9178561345324282	0.8815572341026234
26.3	0.0016608640227897542	0.0019297829274582678	0.9181289433250692	0.8817574812898534
26.400000000000002	0.0016767849393671819	0.0019327808268222446	0.9183987891532543	0.8819556008849305
26.5	0.0016928188619580453	0.0019358802949176468	0.9186657148320057	0.8821516224717167
26.6	0.001708967004580897	0.0019390800847494116	0.9189297624192114	0.8823455751333089
26.700000000000003	0.0017252305872190732	0.0019423789975363537	0.9191909732314978	0.8825374874619505
26.8	0.001741610835621521	0.001945775881232903	0.9194493878597174	0.8827273875687136
26.900000000000002	0.001758108981112061	0.0019492696291045775	0.919705046184066	0.8829153030929708
27.0	0.0017747262604057568	0.0019528591783497529	0.9199579873888393	0.8831012612116534
27.1	0.001791463915439051	0.001956543508770059	0.920208249976835	0.8832852886483056
27.200000000000003	0.0018083231932010113	0.001960321641483964	0.9204558717834158	0.8834674116819359
27.3	0.00182530534557801	0.001964192637686324	0.9207008899902366	0.8836476561556773
27.400000000000002	0.0018424116292019566	0.0019681555974455645	0.9209433411386478	0.8838260474852526
27.500000000000004	0.0018596433053069683	0.001972209658547719	0.9211832611427829	0.884002610667254
27.6	0.0018770016395940337	0.0019763539953728815	0.9214206853023397	0.8841773702872453
27.700000000000003	0.0018944879020976746	0.001980587817811852	0.9216556483150598	0.8843503505276786
27.800000000000004	0.0019121033670657095	0.001984910370219972	0.9218881842889195	0.8845215751756472
27.900000000000002	0.0019298493128372396	0.001989320930403826	0.9221183267540354	0.8846910676304627
28.000000000000004	0.0019477270217311826	0.001993818808642134	0.9223461086742925	0.8848588509110709
28.1	0.001965737779938692	0.001998403346738953	0.9225715624587058	0.8850249476633049
28.199999999999996	0.001983882877419574	0.002003073917107523	0.9227947199725184	0.8851893801669847
28.299999999999997	0.002002163607806695	0.002007829921885196	0.9230156125480441	0.8853521703428577
28.4	0.00202058126830984	0.0020126707920773423	0.923234270995261	0.8855133397593951
28.499999999999996	0.002039137159629334	0.0020175959867270166	0.9234507256121645	0.8856729096394395
28.599999999999998	0.002057832585870223	0.002022604992114374	0.9236650061948828	0.8858309008667117
28.7	0.002076668854461672	0.00202769732097996	0.9238771420475621	0.8859873339921751
28.799999999999997	0.0020956472760815803	0.0020328725117749746	0.9240871619920297	0.8861422292402688
28.9	0.0021147691645808653	0.002038130127933635	0.9242950943772356	0.8862956065150049
28.999999999999996	0.002134035836917292	0.00204346975717018	0.9245009670884863	0.8864474854059373
29.099999999999998	0.002153448613085418	0.002048891010799303	0.9247048075564644	0.886597885194002
29.2	0.002173008816056643	0.0020543935230747934	0.9249066427660528	0.8867468248572394
29.299999999999997	0.0021927177717170343	0.0020599769505544874	0.9251064992649563	0.8868943230763885
29.4	0.002212576808811262	0.002065640971479432	0.9253044031721357	0.8870403982403712
29.5	0.0022325872588881968	0.002071385285178806	0.925500380186051	0.8871850684516539
29.599999999999998	0.0022527504562473988	0.002077209611487829	0.9256944555927248	0.8873283515315016
29.7	0.0022730677378917097	0.002083113690188876	0.9258866542736256	0.8874702650251239
29.799999999999997	0.0022935404434797357	0.0020890972804670227	0.9260770007133785	0.8876108262067075
29.9	0.0023141699152813278	0.002095160160383358	0.9262655190073066	0.8877500520843475
30.0	0.0023349574981338383	0.002101302126365945	0.9264522328688083	0.8878879594048804
30.099999999999998	0.002355904539403042	0.002107522992714883	0.9266371656365697	0.8880245646586087
30.2	0.0023770123889450545	0.002113822591124359	0.9268203402816267	0.888159884083936
30.3	0.00239828239906803	0.002120200770217684	0.9270017794142665	0.8882939336719
30.4	0.0024197159244987443	0.0021266573950988743	0.9271815052907851	0.8884267291706196
30.5	0.002441314322349397	0.002133192346916224	0.9273595398200969	0.8885582860896422
30.599999999999998	0.002463078952085418	0.0021398055224388646	0.9275359045702009	0.8886886197042098
30.7	0.0024850111754958215	0.002146496833650091	0.927710620774512	0.8888177450594349
30.8	0.002507112356665564	0.0021532662073479036	0.9278837093380515	0.8889456769743899
30.9	0.002529383861947565	0.002160113584761092	0.9280551908435107	0.8890724300461171
31.0	0.0025518270599367288	0.002167038921175979	0.9282250855571816	0.8891980186535533
31.1	0.002574443321446296	0.0021740421855751535	0.9283934134347638	0.8893224569613801
31.2	0.002597234019485084	0.0021811233602850866	0.9285601941270478	0.8894457589237914
31.3	0.0026202005292331743	0.0021882824406377344	0.9287254469854793	0.8895679382881889
31.4	0.002643344228023259	0.002195519434638582	0.928889191067605	0.8896890085988023
31.5	0.00266666649531877	0.0022028343626473434	0.9290514451424048	0.8898089832002357
31.6	0.002690168712696561	0.002210227257068431	0.9292122276955131	0.8899278752409467
31.7	0.0027138522638263662	0.002217698162046089	0.9293715569343302	0.8900456976766518
31.8	0.0027377185344571453	0.002225247133176067	0.9295294507930272	0.8901624632736662
31.900000000000002	0.002761768912396434	0.0022328742372199617	0.9296859269374487	0.8902781846121811
32.0	0.002786004787498464	0.0022405795518283256	0.9298410027699118	0.890392874089467
32.1	0.0028104275516463995	0.0022483631652765457	0.9299946954339072	0.8905065439230249
32.2	0.002835038598739792	0.002256225176203275	0.930147021818704	0.8906192061536661
32.300000000000004	0.002859839324681146	0.00226416569335941	0.9302979985638596	0.8907308726485373
32.4	0.002884831127361265	0.002272184835363733	0.9304476420636361	0.8908415551040854
32.5	0.00291001540664948	0.0022802827304649886	0.9305959684713285	0.8909512650489607
32.6	0.0029353935643789963	0.0022884595163130683	0.9307429937035039	0.8910600138468687
32.7	0.002960967004338899	0.0022967153397331908	0.9308887334441536	0.8911678126993653
32.800000000000004	0.0029867371322598313	0.0023050503565105185	0.9310332031487634	0.891274672648593
32.9	0.0030127053558069994	0.0023134647311782164	0.9311764180482998	0.8913806045799699
33.0	0.0030388730845679612	0.0023219586368133927	0.9313183931531166	0.8914856192248262
33.1	0.003065241730044521	0.0023305322548372587	0.9314591432567831	0.8915897271629846
33.2	0.003091812705643071	0.0023391857748225053	0.9315986829398353	0.8916929388252978
33.300000000000004	0.00311858742666582	0.0023479193943053422	0.9317370265734528	0.8917952644961344
33.4	0.003145567310302355	0.00235673331860331	0.9318741883230613	0.891896714315815
33.5	0.0031727537756216506	0.0023656277606380893	0.9320101821518647	0.8919972982830067
33.6	0.003200148243565182	0.002374602940762749	0.932145021824307	0.8920970262570674
33.7	0.0032277521369377116	0.0023836590865962126	0.932278720909465	0.8921959079603491
33.800000000000004	0.003255566880400962	0.0023927964328575024	0.9324112927843744	0.892293952980455
33.900000000000006	0.003283593900466064	0.0024020152212116397	0.9325427506372914	0.8923911707724558
34.0	0.003311834625487675	0.0024113157001128815	0.9326731074708893	0.8924875706610629
34.1	0.0033402904856565385	0.0024206981246571724	0.9328023761053923	0.892583161842761
34.2	0.003368962912991824	0.0024301627564368156	0.9329305691816498	0.8926779533879019
34.300000000000004	0.0033978533413374645	0.002439709863399031	0.9330576991641495	0.8927719542427569
34.4	0.003426963206353384	0.002449339719709398	0.9331837783439718	0.8928651732315326
34.5	0.0034562939455107244	0.0024590526056172957	0.9333088188416878	0.8929576190583484
34.599999999999994	0.0034858469980854068	0.002468848807328783	0.9334328326102023	0.8930493003091777
34.699999999999996	0.003515623805152579	0.002478728616877368	0.9335558314375387	0.8931402254537527
34.8	0.0035456258095806215	0.0024886923320039944	0.9336778269495755	0.893230402847434
34.9	0.0035758544560244854	0.002498740256037024	0.9337988306127243	0.8933198407330447
35.0	0.003606311190921474	0.0025088726977747777	0.9339188537365619	0.8934085472426737
35.099999999999994	0.0036369974624854695	0.002519089971375621	0.93403790747641	0.8934965303994419
35.199999999999996	0.0036679147206996054	0.002529392396245833	0.9341560028358648	0.8935837981192396
35.3	0.00369906441731227	0.0025397802969340244	0.9342731506692817	0.8936703582124297
35.4	0.003730448005831777	0.002550254003026331	0.9343893616842083	0.8937562183855201
35.5	0.0037620669415187047	0.002560813849047605	0.9345046464437776	0.8938413862428074
35.6	0.0037939226813830107	0.0025714601743593857	0.9346190153690508	0.8939258692879887
35.699999999999996	0.003826016684176481	0.0025821933230674166	0.9347324787413194	0.8940096749257448
35.8	0.003858350410387623	0.002593013643928055	0.934845046704361	0.8940928104632953
35.9	0.0038909253222371154	0.0026039214902560115	0.9349567292666578	0.8941752831119261
36.0	0.003923742883669812	0.0026149172198369763	0.9350675363035691	0.8942570999884865
36.1	0.003956804560351301	0.0026260011948426865	0.9351774775594657	0.8943382681168637
36.199999999999996	0.003990111819660469	0.00263717378174666	0.9352865626498243	0.8944187944294276
36.3	0.004023666130685277	0.002648435351241929	0.9353948010632834	0.8944986857684507
36.4	0.004057468964215216	0.002659786278162768	0.9355022021636616	0.8945779488875034
36.5	0.004091521792736641	0.002671226941407867	0.9356087751919366	0.894656590452823
36.6	0.004125826090425222	0.002682757723863838	0.9357145292681914	0.8947346170446606
36.7	0.004160383333141504	0.002694379012334047	0.9358194733935215	0.894812035158602
36.8	0.004195194998423801	0.0027060911974648993	0.9359236164519099	0.8948888512068662
36.9	0.004230262565481646	0.002717894673678556	0.9360269672120667	0.8949650715195802
37.0	0.004265587515190239	0.002729789839104435	0.936129534329234	0.8950407023460341
37.1	0.004301171330082454	0.0027417770955132648	0.9362313263469617	0.895115749855909
37.2	0.004337015494344287	0.0027538568482526893	0.9363323516988469	0.8951902201404895
37.3	0.004373121493806309	0.002766029506185985	0.9364326187102456	0.8952641192138509
37.4	0.004409490815937334	0.0027782954816295558	0.9365321355999504	0.8953374530140252
37.5	0.004446124949838315	0.002790655190294755	0.936630910481841	0.8954102274041507
37.6	0.0044830253862337965	0.002803109051230046	0.9367289513665035	0.8954824481735992
37.7	0.0045201936174663615	0.0028156574867624906	0.9368262661628202	0.8955541210390818
37.8	0.004557631137486973	0.0028283009224466804	0.9369228626795326	0.8956252516457406
37.9	0.004595339441850199	0.002841039787007893	0.9370187486267767	0.8956958455682154
38.0	0.00463332002770489	0.0028538745122907994	0.9371139316175887	0.895765908311698
38.1	0.004671574393786515	0.0028668055332097264	0.9372084191693871	0.8958354453129636
38.2	0.004710104040409724	0.0028798332876973642	0.9373022187054254	0.8959044619413885
38.3	0.004748910469460577	0.0028929582166569157	0.9373953375562235	0.8959729634999465
38.4	0.004787995184387328	0.002906180763916133	0.9374877829609698	0.8960409552261928
38.5	0.004827359690193211	0.0029195013761789124	0.9375795620689005	0.8961084422932258
38.6	0.004867005493427001	0.0029329205029835492	0.9376706819406544	0.8961754298106366
38.7	0.004906934102175575	0.002946438596655554	0.9377611495496061	0.8962419228254426
38.800000000000004	0.004947147026053478	0.0029600561122672397	0.9378509717831721	0.8963079263230029
38.9	0.004987645776195704	0.002973773507595867	0.9379401554440974	0.8963734452279182
39.0	0.005028431865247263	0.0029875912430817886	0.9380287072517187	0.8964384844049188
39.1	0.00506950680735474	0.003001509781790146	0.9381166338432061	0.8965030486597342
39.2	0.005110872118156307	0.0030155295893716794	0.938203941774782	0.89656714273995
39.300000000000004	0.005152529314773169	0.0030296511340243137	0.9382906375229215	0.8966307713358501
39.4	0.0051944799157975785	0.0030438748864576315	0.9383767274855301	0.8966939390812444
39.5	0.005236725441286394	0.003058201319855236	0.9384622179831026	0.8967566505542821
39.6	0.005279267412746647	0.003072630909842111	0.9385471152598607	0.896818910278256
39.7	0.005322107353129768	0.0030871641344472067	0.9386314254848733	0.8968807227223861
39.800000000000004	0.005365246786818267	0.003101801474072352	0.9387151547531551	0.8969420923025948
39.900000000000006	0.005408687239615517	0.0031165434114592827	0.9387983090867489	0.8970030233822703
40.0	0.0054524302387355394	0.0031313904316558894	0.9388808944357894	0.897063520273015
40.1	0.005496477312792569	0.0031463430219880184	0.9389629166795468	0.8971235872353804
40.2	0.005540829991788954	0.003161401672026387	0.9390443816274553	0.8971832284795962
40.300000000000004	0.005585489807103938	0.003176566873558051	0.9391252950201231	0.8972424481662784
40.400000000000006	0.005630458291483009	0.003191839120557538	0.9392056625303262	0.8973012504071328
40.5	0.005675736979025459	0.0032072189091578718	0.9392854897639841	0.8973596392656449
40.6	0.005721327405173282	0.003222706737623704	0.9393647822611213	0.8974176187577593
40.699999999999996	0.005767231106698079	0.003238303106322782	0.9394435454968108	0.897475192852545
40.8	0.005813449621690503	0.003254008517700968	0.9395217848821028	0.8975323654728535
40.9	0.005859984489546166	0.0032698234762553735	0.9395995057649396	0.8975891404959668
41.0	0.005906837250955421	0.003285748488509932	0.9396767134310511	0.8976455217542294
41.099999999999994	0.005954009447887598	0.0033017840629897544	0.9397534131048401	0.8977015130356769
41.199999999999996	0.006001502623581345	0.003317930710197259	0.9398296099502512	0.8977571180846505
41.3	0.00604931832252853	0.003334188942588745	0.9399053090716234	0.8978123406024029
41.4	0.006097458090464136	0.0033505592745516344	0.9399805155145324	0.8978671842476933
41.5	0.006145923474350057	0.0033670422223807117	0.9400552342666167	0.8979216526373759
41.6	0.006194716022363211	0.0033836383042569196	0.9401294702583911	0.8979757493469751
41.699999999999996	0.006243837283881781	0.003400348040225487	0.9402032283640464	0.8980294779112548
41.8	0.006293288809469666	0.0034171719521751687	0.9402765134022358	0.8980828418247762
41.9	0.006343072150864493	0.0034341105638159286	0.9403493301368507	0.8981358445424499
42.0	0.006393188860961296	0.0034511644006609554	0.9404216832777803	0.8981884894800747
42.1	0.006443640493800418	0.0034683339900057897	0.9404935774816633	0.8982407800148738
42.199999999999996	0.006494428604549851	0.003485619860907674	0.9405650173526223	0.8982927194860155
42.3	0.006545554749493809	0.003503022544168788	0.9406360074429929	0.8983443111951339
42.4	0.006597020486014182	0.0035205425723159323	0.9407065522540339	0.8983955584068328
42.5	0.00664882737257777	0.0035381804795833194	0.9407766562366313	0.8984464643491903
42.6	0.00670097696872074	0.003555936801894033	0.94084632379199	0.8984970322142483
42.699999999999996	0.0067534708350314165	0.0035738120768424864	0.9409155592723132	0.8985472651584977
42.8	0.006806310533136184	0.0035918068436782136	0.9409843669814708	0.8985971663033587
42.9	0.006859497625683053	0.0036099216432884385	0.9410527511756601	0.898646738735645
43.0	0.006913033676325675	0.0036281570181806444	0.941120716064052	0.8986959855080339
43.1	0.006966920249706354	0.0036465135124685855	0.9411882658094304	0.8987449096395156
43.2	0.007021158911439729	0.003664991671854856	0.9412554045288193	0.8987935141158448
43.3	0.007075751228097671	0.003683592043616235	0.9413221362941008	0.8988418018899826
43.4	0.007130698767191079	0.0037023151765875895	0.9413884651326248	0.8988897758825294
43.5	0.007186003097152116	0.003721161621148328	0.9414543950278049	0.8989374389821554
43.6	0.007241665787318552	0.003740131929206192	0.941519929919711	0.8989847940460203
43.7	0.007297688407916114	0.0037592266541842667	0.9415850737056474	0.8990318439001906
43.8	0.007354072530040057	0.003778446351005882	0.9416498302407246	0.899078591340048
43.9	0.00741081972563884	0.0037977915760819547	0.9417142033384218	0.8991250391306893
44.0	0.007467931567494701	0.0038172628872968906	0.9417781967711395	0.8991711900073296
44.1	0.00752540962920667	0.003836860843994261	0.9418418142707464	0.899217046675685
44.2	0.007583255485172247	0.003856586006965701	0.9419050595291136	0.8992626118123649
44.3	0.007641470710567533	0.0038764389384369213	0.9419679361986446	0.8993078880652442
44.4	0.007700056881331463	0.003896420202054829	0.9420304478927944	0.8993528780538427
44.5	0.007759015574144046	0.003916530362876314	0.9420925981865826	0.8993975843696889
44.6	0.007818348366409489	0.003936769987355149	0.9421543906170972	0.8994420095766829
44.7	0.007878056836235436	0.003957139643330443	0.9422158286839902	0.8994861562114547
44.800000000000004	0.007938142562415207	0.003977639900014984	0.9422769158499694	0.8995300267837149
44.9	0.007998607124407364	0.00399827132798336	0.9423376555412759	0.8995736237765999
45.0	0.008059452102316511	0.004019034499161078	0.9423980511481631	0.8996169496470142
45.1	0.008120679076872528	0.004039929986813129	0.9424581060253592	0.899660006825967
45.2	0.008182289629411699	0.004060958365532996	0.9425178234925305	0.8997027977189025
45.300000000000004	0.008244285341856616	0.004082120211232665	0.942577206834732	0.8997453247060249
45.4	0.008306667796693867	0.004103416101130408	0.9426362593028558	0.899787590142622
45.5	0.00836943857695649	0.004124846613742128	0.9426949841140688	0.8998295963593823
45.6	0.008432599266200547	0.004146412328870475	0.9427533844522464	0.8998713456627039
45.7	0.008496151448486366	0.0041681138275935226	0.9428114634683988	0.8999128403350058
45.800000000000004	0.00856009670835467	0.004189951692256777	0.9428692242810907	0.8999540826350274
45.9	0.00862443663081014	0.0042119265064624045	0.9429266699768548	0.8999950747981302
46.0	0.008689172801294331	0.004234038855059907	0.9429838036106007	0.9000358190365896
46.1	0.008754306805668355	0.004256289324135132	0.9430406282060145	0.9000763175398865
46.2	0.008819840230189113	0.004278678501004052	0.9430971467559559	0.9001165724749932
46.300000000000004	0.0088857746614881	0.004301206974200111	0.9431533622228465	0.9001565859866528
46.400000000000006	0.008952111686549413	0.004323875333467564	0.9432092775390554	0.9001963601976595
46.5	0.009018852892686668	0.004346684169751924	0.9432648956072756	0.9002358972091313
46.6	0.009085999867521344	0.004369634075188977	0.9433202193008972	0.9002751991007787
46.7	0.009153554198960356	0.00439272564310067	0.9433752514643755	0.9003142679311715
46.800000000000004	0.009221517475172858	0.004415959467981567	0.9434299949135923	0.9003531057380001
46.9	0.009289891284567586	0.004439336145493633	0.9434844524362114	0.900391714538335
47.0	0.009358677215769218	0.004462856272456905	0.9435386267920307	0.9004300963288799
47.099999999999994	0.009427876857596162	0.004486520446840503	0.9435925207133291	0.9004682530862236
47.199999999999996	0.009497491799036029	0.004510329267754853	0.9436461369052057	0.9005061867670859
47.3	0.009567523629222974	0.004534283335445366	0.9436994780459187	0.9005438993085644
47.4	0.00963797393741328	0.004558383251280995	0.9437525467872128	0.9005813926283709
47.5	0.009708844312961817	0.0045826296177498005	0.9438053457546494	0.900618668625072
47.599999999999994	0.00978013634529784	0.004607023038449398	0.9438578775479263	0.9006557291783213
47.699999999999996	0.009851851623901453	0.004631564118079412	0.9439101447411948	0.9006925761490889
47.8	0.009923991738277516	0.0046562534624335905	0.9439621498833737	0.9007292113798901
47.9	0.009996558277932777	0.004681091678393812	0.9440138954984552	0.9007656366950089
48.0	0.010069552832350559	0.0047060793739213125	0.9440653840858102	0.9008018539007171
48.1	0.01014297699096589	0.004731217158048695	0.9441166181204871	0.9008378647854951
48.199999999999996	0.010216832343139748	0.004756505640875153	0.9441676000535061	0.9008736711202445
48.3	0.010291120478135296	0.0047819454335567	0.944218332312151	0.9009092746585006
48.4	0.010365842985091911	0.004807537148300511	0.9442688173002554	0.9009446771366405
48.5	0.010441001452998533	0.004833281398357259	0.9443190573984842	0.9009798802740892
48.6	0.010516597470670463	0.004859178798014341	0.9443690549646142	0.9010148857735232
48.699999999999996	0.010592632626720166	0.0048852299625892215	0.9444188123338072	0.9010496953210704
48.8	0.010669108509535286	0.004911435508422435	0.9444683318188808	0.9010843105865071
48.9	0.010746026707248668	0.004937796052869814	0.9445176157105759	0.901118733223454
49.0	0.010823388807714496	0.004964312214297828	0.9445666662778197	0.9011529648695663
49.1	0.010901196398481305	0.004990984612074811	0.944615485767984	0.9011870071467252
49.2	0.010979451066765344	0.005017813866565524	0.9446640764071423	0.901220861661223
49.3	0.011058154399422149	0.005044800599124932	0.944712440400322	0.9012545300039483
49.4	0.011137307982923561	0.00507194543209033	0.9447605799317516	0.9012880137505688
49.5	0.01121691340332609	0.005099248988775784	0.944808497165108	0.901321314461708
49.6	0.011296972246247372	0.005126711893466029	0.9448561942437559	0.9013544336831247
49.7	0.011377486096835865	0.005154334771409141	0.9449036732909879	0.9013873729458859
49.8	0.011458456539746309	0.005182118248811873	0.9449509364102593	0.9014201337665392
49.9	0.011539885159108865	0.005210062952830663	0.9449979856854187	0.9014527176472833
50.0	0.011621773538503688	0.0052381695115684135	0.9450448231809392	0.9014851260761336
