g	FS	FC
0.0	0.75	0.6
0.1	0.7519430496238655	0.6015544396990924
0.2	0.7577778971421296	0.6062223177137037
0.3	0.7675150096252519	0.6140120077002015
0.4	0.7811493341849906	0.6249194673479924
0.5	0.7986251213666359	0.6389000970933087
0.6	0.8197838275852442	0.6558270620681953
0.7000000000000001	0.8442926191903621	0.6754340953522897
0.8	0.8715517617405443	0.6972414093924354
0.8999999999999999	0.9005827053732771	0.7204661642986216
1.0	0.9299072432950176	0.743925794636014
1.1	0.957443986968832	0.7659551895750656
1.2	0.9804714664232173	0.7843771731385738
1.3	0.995730283054985	0.796584226443988
1.4000000000000001	0.9997405146057533	0.7997924116846027
1.5	0.9893654158696967	0.7914923326957574
1.6	0.9625404361245002	0.7700323488996001
1.7	0.9189419202252063	0.735153536180165
1.7999999999999998	0.8602961252445493	0.6882369001956394
1.9000000000000001	0.7901313845122537	0.632105107609803
2.0	0.7130342681336395	0.5704274145069116
2.1	0.6337104441145263	0.506968355291621
2.2	0.5561995988512869	0.4449596790810295
2.3	0.48344740843544154	0.3867579267483532
2.4	0.4172373995043295	0.3337899196034636
2.5	0.35836135240275824	0.28668908192220655
2.6	0.30688680364675114	0.24550944291740096
2.6999999999999997	0.2624210565438998	0.2099368452351198
2.8000000000000003	0.22432308618206864	0.17945846894565487
2.9	0.19185224639775966	0.15348179711820775
3.0	0.16426180345320052	0.1314094427625605
3.1	0.1408514261595626	0.11268114092765003
3.2	0.12099218091409747	0.096793744731278
3.3	0.10413459579630746	0.08330767663704608
3.4	0.08980714502314657	0.0718457160185173
3.5	0.07760988601760499	0.06208790881408388
3.5999999999999996	0.06720610657596804	0.0537648852607745
3.7	0.05831359980092765	0.04665087984074212
3.8000000000000003	0.05069641012294568	0.04055712809835654
3.9000000000000004	0.04415743310486164	0.0353259464838892
4.0	0.0385319911231492	0.030825592898519383
4.1	0.03368236867886831	0.026945894943094628
4.2	0.02949322472658611	0.023594579781269
4.3	0.025867773764041813	0.020694219011233472
4.4	0.02272462367627659	0.018179698941021227
4.5	0.019995165468510545	0.01599613237480857
4.6	0.017621421819524197	0.014097137455619468
4.7	0.01555427445557822	0.012443419564462488
4.8	0.01375200295586032	0.011001602364688168
4.9	0.012179078966484846	0.009743263173187855
5.0	0.010805169649031554	0.008644135719225288
5.1000000000000005	0.009604312517636604	0.007683450014109305
5.2	0.008554230749801661	0.006843384599841351
5.3	0.007635763764572645	0.006108611011658049
5.3999999999999995	0.006832392531026632	0.005465914024821217
5.5	0.006129842872483415	0.004903874297986777
5.6000000000000005	0.005515753120270639	0.0044126024962164445
5.7	0.004979394975942575	0.003983515980754193
5.8	0.0045114384719111555	0.00360915077752888
5.8999999999999995	0.004103753567709201	0.003283002854167494
6.0	0.003749242256232299	0.002999393804985928
6.1000000000000005	0.0034416961410033142	0.0027533569128026514
6.2	0.003175675330100436	0.0025405402640803487
6.3	0.0029464052137422314	0.002357124170993763
6.4	0.002749688281884599	0.0021997506255075905
6.5	0.002581828620777382	0.0020654628966220168
6.6	0.0024395671233947702	0.0019516536987158606
6.7	0.0023200257743245523	0.001856020619459664
6.8	0.002220659638130784	0.0017765277105045163
6.9	0.002139215402007788	0.0017113723216063415
7.0	0.0020736955071972707	0.001658956405757861
7.1	0.0020223270561147144	0.0016178616448918604
7.199999999999999	0.0019835348089585203	0.001586827847166794
7.300000000000001	0.00195591768935488	0.0015647341514839486
7.4	0.0019382283069905304	0.001550582645592491
7.5	0.001929355079232975	0.0015434840633863356
7.6000000000000005	0.0019283065959116996	0.0015426452767293153
7.699999999999999	0.0019341979237279538	0.0015473583389823409
7.800000000000001	0.0019462385908617374	0.0015569908726893456
7.8999999999999995	0.0019637220296032654	0.0015709776236825235
8.0	0.0019860162863833963	0.0015888130291067393
8.100000000000001	0.002012555835331886	0.0016100446682655312
8.2	0.0020428343542496785	0.0016342674833996762
8.3	0.0020763983412462883	0.0016611186729971195
8.4	0.002112841466832549	0.0016902731734660392
8.5	0.0021517995703886905	0.0017214396563108858
8.6	0.0021929462220310336	0.0017543569776247159
8.7	0.002235988781292164	0.0017887910250337091
8.8	0.0022806648929434292	0.0018245319143547212
8.9	0.002326739367984998	0.0018613914943881316
9.0	0.0023740014044481006	0.0018992011235585693
9.1	0.002422262108378148	0.0019378096867026517
9.2	0.0024713522803258003	0.001977081824260596
9.3	0.002521120436955737	0.0020168963495645897
9.4	0.0025714310411066865	0.002057144832885327
9.5	0.002622162916885551	0.002097730333508352
9.6	0.002673207829174573	0.0021385662633395253
9.7	0.0027244692094032796	0.002179575367522668
9.8	0.0027758610115703464	0.0022206888092561883
9.9	0.002827306684372699	0.0022618453474981814
10.0	0.0028787382469501743	0.0023029905975601173
10.1	0.0029300954571688242	0.0023440763657351926
10.200000000000001	0.002981325062649587	0.002385060050119625
10.299999999999999	0.0030323801258389516	0.002425904100671117
10.4	0.0030832194154021275	0.0024665755323216576
10.5	0.0031338068570710975	0.0025070454856568336
10.6	0.003184111037837778	0.0025472888302701113
10.700000000000001	0.0032341047580540794	0.0025872838064433523
10.799999999999999	0.003283764626580088	0.0026270117012640037
10.9	0.0033330706946600452	0.0026664565557279474
11.0	0.0033820061246445654	0.002705604899715608
11.1	0.0034305568901120687	0.0027444455120896327
11.200000000000001	0.0034787115042884675	0.0027829692034307962
11.299999999999999	0.0035264607739941	0.0028211686191952356
11.4	0.003573797576630011	0.0028590380613039423
11.5	0.0036207166579789174	0.002896573326383156
11.6	0.0036672144488134606	0.002933771559050724
11.700000000000001	0.003713288898516298	0.0029706311188130163
11.799999999999999	0.0037589393240929914	0.0030071514592744375
11.9	0.0038041662731180814	0.003043333018494465
12.0	0.003848971399310841	0.003079177119448717
12.1	0.003893357349549098	0.0031146858796393673
12.200000000000001	0.003937327661264534	0.0031498621290115825
12.299999999999999	0.003980886669247119	0.0031847093353978284
12.4	0.004024039420999492	0.003219231536799705
12.5	0.004066791599850239	0.003253433279880147
12.6	0.0041091494551178664	0.0032873195640942265
12.7	0.004151119738681208	0.0033208957909449666
12.8	0.004192709647377835	0.003354167717902312
12.9	0.004233926770700558	0.0033871414165604907
13.0	0.004274779043316634	0.0034198232346532853
13.1	0.004315274701972127	0.003452219761577724
13.2	0.004355422246396734	0.0034843377971174316
13.3	0.0043952304038439305	0.0035161843230751
13.4	0.004434708096944573	0.003547766477555614
13.5	0.004473864414583861	0.0035790915316671335
13.6	0.0045127085855285465	0.0036101668684228594
13.7	0.004551249954562575	0.0036409999636500823
13.8	0.004589497960909683	0.0036715983687276577
13.9	0.004627462118744541	0.0037019696949955883
14.0	0.004665151999599937	0.0037321215996799495
14.1	0.004702577216512238	0.0037620617732099237
14.2	0.0047397474097472525	0.003791797927797824
14.3	0.004776672233969048	0.003821337787175194
14.399999999999999	0.004813361346722389	0.0038506890773778446
14.5	0.004849824398117986	0.003879859518494344
14.600000000000001	0.004886071021608429	0.00390885681728681
14.7	0.0049221108257652135	0.00393768866061206
14.8	0.004957953386962699	0.0039663627095702925
14.899999999999999	0.0049936082428923	0.003994886594313796
15.0	0.00502908488683218	0.004023267909465722
15.1	0.005064392762604952	0.004051514210084095
15.200000000000001	0.005099541260162765	0.004079633008130301
15.3	0.00513453971174227	0.004107631769393882
15.399999999999999	0.0051693973885400535	0.004135517910831998
15.500000000000002	0.005204123497860813	0.004163298798288695
15.600000000000001	0.005238727180693403	0.004190981744554678
15.7	0.005273217509676464	0.0042185740077410605
15.799999999999999	0.005307603487424095	0.0042460827899393205
15.9	0.005341894045163831	0.004273515236130954
16.0	0.005376098041673494	0.004300878433338817
16.099999999999998	0.005410224262477059	0.004328179409981536
16.200000000000003	0.005444281419282548	0.004355425135426083
16.3	0.005478278149630977	0.004382622519704782
16.4	0.005512223016743367	0.004409778413394627
16.5	0.005546124509541506	0.004436899607633271
16.6	0.005579991042824806	0.0044639928342598
16.7	0.005613830957590049	0.004491064766072084
16.8	0.005647652521475477	0.0045181220171803815
16.900000000000002	0.005681463929320563	0.004545171143456428
17.0	0.005715273303822599	0.0045722186430581235
17.099999999999998	0.005749088696284987	0.0045992709570279455
17.2	0.005782918087443689	0.004626334469955085
17.3	0.005816769388362619	0.004653415510690095
17.4	0.005850650441389438	0.004680520353111506
17.5	0.005884569021165631	0.004707655216932616
17.6	0.005918532835681112	0.004734826268544934
17.7	0.005952549527368456	0.004762039621894809
17.8	0.00598662667422889	0.004789301339383156
17.9	0.0060207717909893654	0.004816617432791381
18.0	0.006054992330279063	0.004843993864223295
18.1	0.006089295683825435	0.004871436547060348
18.2	0.006123689183664793	0.004898951346931968
18.3	0.006158180103364219	0.004926544082691442
18.4	0.006192775659248917	0.0049542205273990225
18.5	0.006227483011633672	0.0049819864093070265
18.6	0.006262309266058308	0.005009847412846602
18.7	0.0062972614745197	0.005037809179615826
18.8	0.006332346636700015	0.005065877309360034
18.9	0.0063675717011936195	0.005094057360954807
19.0	0.006402943566720887	0.005122354853376643
19.1	0.0064384690833388936	0.0051507752666711815
19.2	0.006474155053638575	0.005179324042910993
19.3	0.006510008233931108	0.005208006587144931
19.4	0.00654603533542375	0.005236828268338933
19.5	0.006582243025378021	0.005265794420302283
19.6	0.006618637928258342	0.00529491034260654
19.7	0.006655226626861022	0.005324181301488928
19.8	0.00669201566343125	0.005353612530744956
19.9	0.00672901154076011	0.005383209232608044
20.0	0.006766220723267824	0.005412976578614392
20.1	0.006803649638066345	0.005442919710453076
20.2	0.00684130467600752	0.005473043740806149
20.3	0.006879192192711603	0.005503353754169327
20.400000000000002	0.006917318509577108	0.0055338548076615535
20.5	0.006955689914774021	0.0055645519318192616
20.599999999999998	0.006994312664215907	0.005595450131372859
20.7	0.007033192982516812	0.00562655438601356
20.8	0.007072337063927514	0.0056578696511419
20.9	0.007111751073251682	0.005689400858601368
21.0	0.007151441146747817	0.005721152917398387
21.1	0.00719141339300855	0.005753130714406751
21.2	0.007231673893823953	0.005785339115059074
21.299999999999997	0.007272228705025308	0.005817782964020246
21.400000000000002	0.007313083857311331	0.00585046708584902
21.5	0.0073542453570564215	0.005883396285645048
21.599999999999998	0.007395719187100469	0.005916575349680264
21.700000000000003	0.0074375113075213495	0.005950009046017057
21.8	0.007479627656391319	0.005983702125113011
21.9	0.0075220741505120925	0.006017659320409763
22.0	0.007564856686138377	0.006051885348910657
22.1	0.007607981139679976	0.006086384911743847
22.2	0.007651453368389682	0.006121162694711635
22.299999999999997	0.007695279211034078	0.006156223368827263
22.400000000000002	0.007739464488549008	0.006191571590839162
22.5	0.007784015004676514	0.0062272120037413226
22.599999999999998	0.007828936546590337	0.006263149237272336
22.700000000000003	0.007874234885502873	0.006299387908402232
22.8	0.007919915777256481	0.006335932621805207
22.9	0.007965984962904238	0.006372787970323257
23.0	0.008012448169270714	0.006409958535416593
23.1	0.008059311109501532	0.0064474488876011815
23.2	0.008106579483598053	0.006485263586878509
23.299999999999997	0.008154258978938289	0.006523407183150587
23.400000000000002	0.008202355270784278	0.0065618842166272895
23.5	0.00825087402277469	0.006600699218219708
23.599999999999998	0.00829982088740755	0.006639856709925951
23.700000000000003	0.008349201506505644	0.006679361205204515
23.8	0.008399021511673377	0.006719217209338657
23.9	0.008449286524738864	0.006759429219791002
24.0	0.008500002158184805	0.006800001726547933
24.1	0.008551174015566154	0.006840939212452879
24.2	0.008602807691917902	0.006882246153534388
24.3	0.008654908774150427	0.0069239270193204305
24.400000000000002	0.008707482841433523	0.006965986273146818
24.5	0.008760535465568653	0.007008428372454967
24.599999999999998	0.008814072211353108	0.007051257769082442
24.7	0.008868098636929389	0.007094478909543511
24.8	0.008922620294128936	0.0071380962353032595
24.9	0.008977642728800861	0.007182114183040711
25.0	0.009033171481134472	0.007226537184907622
25.1	0.009089212085970244	0.007271369668776173
25.2	0.009145770073101134	0.007316616058480774
25.3	0.009202850967565346	0.007362280774052321
25.4	0.009260460289929329	0.007408368231943463
25.5	0.009318603556560334	0.007454882845248201
25.6	0.009377286279894426	0.007501829023915496
25.7	0.009436513968689608	0.007549211174951664
25.8	0.009496292128276407	0.007597033702621103
25.9	0.009556626260795564	0.007645301008636474
26.0	0.0096175218654303	0.007694017492344329
26.1	0.0096789844386298	0.007743187550903863
26.2	0.009741019474323376	0.007792815579458767
26.3	0.009803632464129963	0.007842905971303993
26.4	0.009866828897556634	0.007893463118045174
26.5	0.009930614262192994	0.007944491409754284
26.6	0.009994994043894478	0.007995995235115627
26.7	0.010059973726963323	0.008047978981570614
26.8	0.01012555879431698	0.00810044703545354
26.9	0.010191754727655655	0.00815340378212459
27.0	0.010258567007616626	0.008206853606093412
27.1	0.010326001113928118	0.00826080089114245
27.2	0.01039406252555275	0.0083152500204422
27.3	0.010462756720825972	0.008370205376660778
27.4	0.0105320891775873	0.00842567134206984
27.5	0.01060206537330799	0.008481652298646503
27.6	0.010672690785208827	0.00853815262816704
27.7	0.01074397089037582	0.0085951767123007
27.8	0.010815911165866776	0.008652728932693421
27.900000000000002	0.01088851708881522	0.008710813671052309
28.0	0.010961794136526426	0.00876943530922103
28.099999999999998	0.011035747786568573	0.008828598229254858
28.2	0.01111038351686	0.008888306813487956
28.3	0.011185706805748707	0.0089485654445991
28.4	0.011261723132087953	0.009009378505670407
28.5	0.011338437975307203	0.00907075038024574
28.6	0.01141585681547752	0.009132685452382105
28.7	0.011493985133371742	0.009195188106697394
28.799999999999997	0.011572828410519542	0.009258262728415567
28.900000000000002	0.011652392129259725	0.009321913703407736
29.0	0.011732681772784748	0.009386145418227798
29.099999999999998	0.011813702825183459	0.009450962260146745
29.200000000000003	0.011895460771477628	0.00951636861718208
29.3	0.011977961097654588	0.009582368878123804
29.4	0.012061209290694652	0.009648967432555722
29.5	0.012145210838597209	0.009716168670877656
29.6	0.012229971230398151	0.009783976984318543
29.7	0.01231549595618553	0.009852396764948423
29.799999999999997	0.012401790507112653	0.009921432405690211
29.900000000000002	0.01248886037540331	0.009991088300322581
30.0	0.012576711054356426	0.010061368843485186
