g	F_num	F_simp	F_full
0.0	0.29411764705882354	0.25	0.24999999999999967
0.1	0.2926600946288214	0.24845135041921718	0.24845135054312292
0.2	0.2882847102778233	0.24380250417415902	0.2438025046701874
0.3	0.28098646696801444	0.23604812003664402	0.23604812115351534
0.4	0.2707676225154664	0.22519059693783441	0.22519059892268298
0.5	0.25765411122285187	0.21125749008177852	0.21125749317428028
0.6	0.24171937676434585	0.19432683339114729	0.19432683781211763
0.7000000000000001	0.22311647180165292	0.17456124535666434	0.17456125128925606
0.8	0.20211918642630347	0.15225162801632075	0.15225163557794735
0.8999999999999999	0.17917230189767758	0.1278705615630213	0.1278705707662823
1.0	0.15494926703708226	0.10213358552583378	0.10213359622689999
1.1	0.13041200545704526	0.07606274396550208	0.07606275579811064
1.2	0.10686165684225651	0.0510404981036234	0.05104051039489745
1.3	0.08596105894508517	0.028833613470233475	0.028833625129153002
1.4000000000000001	0.06970172273689583	0.0115580710489438	0.011558080407951811
1.5	0.0602849139378461	0.0015527164825825408	0.0015527210589614904
1.6	0.059896011394550586	0.0011395159718069624	0.0011395121067100137
1.7	0.07038056114173932	0.012279363866115228	0.012279346213098055
1.7999999999999998	0.09287754276626199	0.0361824282992816	0.03618238918915332
1.9000000000000001	0.12751160997760758	0.07298115679954958	0.07298108560120806
2.0	0.17325909060359623	0.12158790108389267	0.12158778376632108
2.1	0.22805827187356617	0.17981209475950374	0.17981191386566392
2.2	0.28914455245831916	0.24471635185778454	0.2447160869869644
2.3	0.35350433800998965	0.313098730427969	0.31309835913561407
2.4	0.4183087041378139	0.38195349927423417	0.38195299814642714
2.5	0.48122070380236626	0.44879765216320927	0.44879699779001325
2.6	0.5405379066035215	0.5118223561116315	0.5118215257662421
2.6999999999999997	0.5951921376446646	0.5698926742869836	0.5698916462474564
2.8000000000000003	0.644658264570051	0.6224506525483082	0.6224494061056793
2.9	0.6888246497399473	0.6693776750990893	0.669376190348694
3.0	0.7278631037462535	0.7108562902126275	0.7108545477303955
3.1	0.7621186471682502	0.7472530821325035	0.7472510626162671
3.2	0.7920258870759401	0.7790298210912524	0.7790275050181868
3.3	0.8180508736153727	0.8066816858900907	0.8066790532163324
3.4	0.8406538173573822	0.8306976510311248	0.830694680942219
3.5	0.8602672988211492	0.851537334286863	0.8515340049974722
3.5999999999999996	0.8772851829913608	0.8696192183318563	0.8696155069283217
3.7	0.8920584855797599	0.8853162586107585	0.8853121409284957
3.8000000000000003	0.9048954754509345	0.8989559921386714	0.8989514426666201
3.9000000000000004	0.9160641597210056	0.9108231778981825	0.9108181697035679
4.0	0.9257959463948848	0.9211636883766291	0.9211581930445657
4.1	0.9342897369469925	0.9301888579225345	0.9301828455061792
4.2	0.9417160095007597	0.9380798211164796	0.9380732600945575
4.3	0.9482206531647764	0.9449915867482765	0.9449844439875755
4.4	0.9539284391536678	0.9510567258796312	0.9510489666007712
4.5	0.9589460895623778	0.9563886324147752	0.9563802201600267
4.6	0.9633649477036963	0.9610843603328907	0.9610752569351761
4.7	0.96726327672454	0.9652270659673088	0.9652172315198208
4.8	0.9707082236759561	0.9688880948296775	0.9688774876557033
4.9	0.9737574894053057	0.9721287558704574	0.9721173324931374
5.0	0.9764607437675719	0.9750018251411566	0.974989540253046
5.1000000000000005	0.9788608226874025	0.9775528176730647	0.9775396241053644
5.2	0.9809947397259549	0.9798210622673929	0.979806910958828
5.3	0.9828945407003064	0.9818406095287859	0.9818254494940758
5.3999999999999995	0.9845880259425738	0.9836409992660294	0.9836247775639853
5.5	0.9860993611578932	0.9852479095290331	0.9852305712302634
5.6000000000000005	0.987449594621045	0.9866837061306023	0.9866651942848601
5.7	0.9886570956536636	0.9879679085288142	0.9879481641320176
5.8	0.9897379269266345	0.989117585398621	0.9890965473595487
5.8999999999999995	0.9907061610981517	0.9901476910600749	0.9901252961667867
6.0	0.9915741505837817	0.9910713521092765	0.9910475349952669
6.1000000000000005	0.9923527578171094	0.9919001120705492	0.9918748051806798
6.2	0.9930515521575065	0.9926441406111529	0.9926172741673505
6.3	0.9936789785985621	0.9933124127941831	0.9932839147609734
6.4	0.9942425025947966	0.9939128629571243	0.993882659006971
6.5	0.9947487346279428	0.9944525170636763	0.9944205305421892
6.6	0.9952035375539803	0.9949376067601191	0.9949037586511029
6.7	0.9956121192886593	0.9953736678537982	0.9953378767441997
6.8	0.9959791129859923	0.9957656255028874	0.9957278075476165
6.9	0.996308646527563	0.9961178680488711	0.9960779369355346
7.0	0.9966044028590519	0.9964343111241953	0.9963921780377414
7.1	0.9968696724748574	0.9967184534172482	0.9966740270045379
7.199999999999999	0.9971073991541957	0.9969734252670384	0.9969266116013322
7.300000000000001	0.9973202198863012	0.9972020310837805	0.9971527336291948
7.4	0.9975104997829171	0.9974067864434677	0.9973549060193495
7.5	0.9976803626588122	0.9975899505797204	0.9975353853249876
7.6000000000000005	0.9978317178619709	0.9977535548909028	0.9976962002283439
7.699999999999999	0.9979662838512963	0.9978994279914707	0.9978391765920015
7.800000000000001	0.9980856089487534	0.9980292177611526	0.9979659595080502
7.8999999999999995	0.9981910896326683	0.9981444107816089	0.9980780327347104
8.0	0.9982839866877652	0.998246349495868	0.9981767358557525
8.100000000000001	0.9983654394839836	0.998336247379593	0.9982632794517325
8.2	0.9984364786189743	0.998415202373749	0.9983387585326621
8.3	0.9984980371274645	0.9984842087945627	0.9984041644479311
8.4	0.9985509604335059	0.9985441679078063	0.9984603954605997
8.5	0.9985960151983854	0.9985958973297037	0.998508266148284
8.6	0.9986338971969573	0.9986401393955424	0.9985485157717658
8.7	0.998665238337986	0.9986775686187929	0.9985818157341091
8.8	0.9986906129292796	0.9987087983478136	0.9986087762373573
8.9	0.9987105432756038	0.998734386713637	0.9986299522303306
9.0	0.9987255046863327	0.9987548419505952	0.9986458487292296
9.1	0.9987359299602288	0.9987706271613979	0.9986569255827422
9.2	0.9987422134064495	0.998782164589446	0.9986636017443525
9.3	0.9987447144536901	0.9987898394535407	0.9986662591070461
9.4	0.9987437608931086	0.9987940033934849	0.998665245948929
9.5	0.9987396517952256	0.9987949775692794	0.998660880032428
9.6	0.9987326601362502	0.9987930554515845	0.998653451394766
9.7	0.9987230351651114	0.9987885053366827	0.9986432248629322
9.8	0.9987110045388777	0.9987815726153471	0.9986304423225579
9.9	0.9986967762510295	0.9987724818216177	0.9986153247667199
10.0	0.9986805403742923	0.9987614384845497	0.998598074147686
10.1	0.998662470637278	0.9987486308033778	0.9985788750521084
10.200000000000001	0.9986427258520342	0.9987342311642717	0.9985578962177863
10.299999999999999	0.9986214512077012	0.998718397514829	0.998535291908183
10.4	0.9985987794438195	0.9987012746106978	0.9985112031590568
10.5	0.9985748319153466	0.9986829951471339	0.9984857589100571
10.6	0.9985497195601463	0.9986636807869428	0.9984590770326552
10.700000000000001	0.9985235437785626	0.9986434430950026	0.9984312652647227
10.799999999999999	0.9984963972336741	0.9986223843885135	0.9984024220607791
10.9	0.9984683645799131	0.9986005985111316	0.998372637366158
11.0	0.9984395231269432	0.9985781715383166	0.998341993322377
11.1	0.9984099434449729	0.9985551824204496	0.9983105649102846
11.200000000000001	0.9983796899170417	0.9985317035696148	0.9982784205368572
11.299999999999999	0.9983488212432677	0.9985078013953342	0.9982456225709719
11.4	0.9983173909015318	0.9984835367940159	0.9982122278328772
11.5	0.998285447568624	0.9984589655963945	0.9981782880416628
11.6	0.9982530355054882	0.998434138976825	0.9981438502245825
11.700000000000001	0.9982201949098365	0.9984091038279026	0.9981089570917009
11.799999999999999	0.9981869622390789	0.9983839031035467	0.9980736473790227
11.9	0.9981533705062492	0.998358576133388	0.9980379561628901
12.0	0.9981194495513191	0.9983331589110067	0.9980019151482762
12.1	0.9980852262900968	0.9983076843583533	0.9979655529332276
12.200000000000001	0.9980507249426687	0.9982821825684326	0.9979288952515852
12.299999999999999	0.998015967243183	0.9982566810281623	0.9978919651958813
12.4	0.9979809726325884	0.9982312048231197	0.9978547834221243
12.5	0.9979457584357945	0.9982057768257395	0.9978173683380325
12.6	0.9979103400246055	0.9981804178683858	0.9977797362761436
12.7	0.9978747309676111	0.9981551469025776	0.9977419016530863
12.8	0.997838943168166	0.9981299811455451	0.9977038771161769
12.9	0.9978029869914405	0.9981049362151817	0.997665673678406
13.0	0.9977668713814625	0.9980800262543563	0.9976273008428027
13.1	0.9977306039689822	0.9980552640454764	0.9975887667170426
13.2	0.9976941911709195	0.9980306611161017	0.9975500781191021
13.3	0.997657638282076	0.9980062278363477	0.9975112406747071
13.4	0.9976209495597576	0.9979819735087404	0.9974722589072411
13.5	0.9975841283018646	0.9979579064511489	0.9974331363207317
13.6	0.9975471769189992	0.9979340340733395	0.997393875476435
13.7	0.9975100970010506	0.9979103629476765	0.9973544780636159
13.8	0.9974728893787076	0.997886898874426	0.997314944964878
13.9	0.9974355541803026	0.997863646942099	0.9972752763165728
14.0	0.9973980908843563	0.9978406115832231	0.9972354715646278
14.1	0.997360498368154	0.9978177966259018	0.9971955295161623
14.2	0.9973227749526716	0.9977952053414918	0.9971554483872139
14.3	0.9972849184441385	0.997772840488699	0.9971152258468959
14.399999999999999	0.9972469261724832	0.9977507043543741	0.9970748590582634
14.5	0.9972087950269204	0.9977287987912585	0.9970343447161025
14.600000000000001	0.9971705214888854	0.9977071252529174	0.9969936790819399
14.7	0.9971321016625259	0.9976856848260721	0.9969528580164323
14.8	0.9970935313029358	0.9976644782605328	0.9969118770093695
14.899999999999999	0.9970548058423009	0.9976435059969141	0.9968707312074456
15.0	0.9970159204141131	0.9976227681922936	0.9968294154399939
15.1	0.9969768698756049	0.9976022647439787	0.9967879242428301
15.200000000000001	0.9969376488285261	0.997581995311514	0.9967462518803086
15.3	0.9968982516384001	0.9975619593370667	0.9967043923657997
15.399999999999999	0.9968586724523614	0.9975421560643063	0.9966623394806338
15.500000000000002	0.9968189052156856	0.9975225845558944	0.9966200867916657
15.600000000000001	0.996778943687107	0.9975032437096814	0.9965776276675503
15.7	0.9967387814530122	0.9974841322737124	0.9965349552938256
15.799999999999999	0.9966984119405966	0.9974652488601216	0.9964920626868847
15.9	0.9966578284300479	0.9974465919580038	0.996448942706925
16.0	0.9966170240658456	0.9974281599453322	0.9964055880699616
16.099999999999998	0.9965759918672248	0.9974099510999952	0.9963619913589268
16.200000000000003	0.9965347247378731	0.9973919636100128	0.9963181450339884
16.3	0.9964932154749131	0.9973741955829962	0.9962740414420957
16.4	0.9964514567772265	0.9973566450548996	0.9962296728258025
16.5	0.9964094412531591	0.9973393099981204	0.9961850313314817
16.6	0.9963671614276609	0.9973221883289923	0.9961401090168903
16.7	0.9963246097488937	0.9973052779147124	0.9960948978581998
16.8	0.9962817785943479	0.9972885765797468	0.9960493897564947
16.900000000000002	0.996238660276507	0.997272082111751	0.9960035765437883
17.0	0.9961952470480848	0.9972557922670363	0.9959574499885903
17.099999999999998	0.9961515311068726	0.9972397047756201	0.9959110018010519
17.2	0.9961075046002167	0.9972238173458824	0.995864223637731
17.3	0.996063159629162	0.9972081276688647	0.9958171071059856
17.4	0.996018488252281	0.9971926334222296	0.9957696437680487
17.5	0.9959734824892046	0.99717733227391	0.9957218251447792
17.6	0.9959281343238852	0.9971622218854669	0.9956736427191276
17.7	0.995882435707611	0.997147299915176	0.9956250879393367
17.8	0.995836378561778	0.9971325640208666	0.9955761522218892
17.9	0.9957899547804506	0.9971180118625254	0.99552682695423
18.0	0.9957431562327197	0.9971036411046843	0.9954771034972631
18.1	0.9956959747648682	0.9970894494186063	0.9954269731876721
18.2	0.9956484022023697	0.9970754344842858	0.9953764273400175
18.3	0.9956004303517193	0.9970615939922745	0.9953254572487021
18.4	0.9955520510021183	0.9970479256453451	0.9952740541897492
18.5	0.9955032559270165	0.9970344271600059	0.9952222094224552
18.6	0.9954540368855279	0.9970210962678777	0.9951699141908744
18.7	0.9954043856237262	0.9970079307169356	0.9951171597252083
18.8	0.9953542938758273	0.9969949282726405	0.9950639372430662
18.9	0.9953037533652696	0.9969820867189475	0.9950102379506
19.0	0.9952527558057004	0.9969694038592222	0.9949560530435579
19.1	0.9952012929018733	0.99695687751705	0.9949013737082387
19.2	0.9951493563504603	0.9969445055369663	0.9948461911223647
19.3	0.995096937840794	0.9969322857850971	0.9947904964558427
19.4	0.9950440290555345	0.9969202161497254	0.994734280871505
19.5	0.9949906216712743	0.9969082945417885	0.9946775355257292
19.6	0.9949367073590828	0.9968965188953055	0.994620251569024
19.7	0.9948822777849962	0.9968848871677475	0.9945624201465587
19.8	0.9948273246104532	0.9968733973403497	0.9945040323986063
19.9	0.994771839492689	0.9968620474183715	0.9944450794609819
20.0	0.9947158140850821	0.9968508354313081	0.9943855524653981
20.1	0.9946592400374603	0.9968397594330607	0.9943254425398015
20.2	0.9946021089963771	0.9968288175020588	0.994264740808651
20.3	0.9945444126053452	0.9968180077413531	0.994203438393179
20.400000000000002	0.9944861425050453	0.9968073282786659	0.9941415264116108
20.5	0.9944272903335071	0.9967967772664156	0.9940789959793513
20.599999999999998	0.9943678477262603	0.9967863528817051	0.9940158382091527
20.7	0.9943078063164663	0.9967760533262897	0.9939520442112431
20.8	0.9942471577350261	0.9967658768265151	0.993887605093466
20.9	0.9941858936106714	0.9967558216332347	0.9938225119613386
21.0	0.994124005570035	0.9967458860217052	0.9937567559181626
21.1	0.9940614852377093	0.996736068291465	0.9936903280650671
21.2	0.9939983242362866	0.9967263667661908	0.9936232195010546
21.299999999999997	0.9939345141863896	0.9967167797935428	0.993555421323039
21.400000000000002	0.9938700467066899	0.9967073057449941	0.9934869246258574
21.5	0.9938049134139173	0.9966979430156457	0.9934177205022879
21.599999999999998	0.9937391059228579	0.9966886900240305	0.9933478000430358
21.700000000000003	0.9936726158463465	0.9966795452119077	0.9932771543367437
21.8	0.993605434795253	0.9966705070440462	0.9932057744699562
21.9	0.9935375543784605	0.9966615740079998	0.9931336515271139
22.0	0.9934689662028425	0.9966527446138751	0.9930607765905205
22.1	0.9933996618732333	0.9966440173940936	0.9929871407403106
22.2	0.9933296329923936	0.9966353909031447	0.9929127350544185
22.299999999999997	0.9932588711609812	0.9966268637173386	0.9928375506085415
22.400000000000002	0.9931873679775085	0.996618434434549	0.9927615784761022
22.5	0.9931151150383115	0.9966101016739572	0.9926848097282057
22.599999999999998	0.9930421039375081	0.9966018640757893	0.9926072354336034
22.700000000000003	0.992968326266963	0.9965937203010529	0.9925288466586483
22.8	0.9928937736162476	0.9965856690312697	0.9924496344672648
22.9	0.9928184375726067	0.99657770896821	0.9923695899208961
23.0	0.9927423097209226	0.9965698388336207	0.9922887040784789
23.1	0.9926653816436809	0.996562057368958	0.9922069679964117
23.2	0.9925876449209425	0.996554363335115	0.9921243727285028
23.299999999999997	0.9925090911303129	0.9965467555121533	0.9920409093259568
23.400000000000002	0.9924297118469186	0.9965392326990316	0.991956568837351
23.5	0.9923494986433826	0.9965317937133356	0.9918713423085938
23.599999999999998	0.9922684430898078	0.996524437391011	0.9917852207829212
23.700000000000003	0.9921865367537592	0.9965171625860939	0.9916981953008674
23.8	0.992103771200255	0.996509968170446	0.9916102569002713
23.9	0.9920201379917581	0.9965028530334873	0.9915213966162431
24.0	0.9919356286881706	0.9964958160819344	0.9914316054811805
24.1	0.9918502348468394	0.9964888562395396	0.9913408745247659
24.2	0.9917639480225584	0.9964819724468289	0.9912491947739671
24.3	0.9916767597675799	0.9964751636608468	0.9911565572530545
24.400000000000002	0.9915886616316323	0.9964684288549001	0.9910629529836088
24.5	0.9914996451619352	0.9964617670183048	0.9909683729845563
24.599999999999998	0.9914097019032306	0.9964551771561371	0.990872808272181
24.7	0.9913188233978081	0.9964486582889841	0.9907762498601705
24.8	0.9912270011855447	0.9964422094526999	0.9906786887596424
24.9	0.991134226803945	0.9964358296981627	0.9905801159791909
25.0	0.9910404917881847	0.9964295180910343	0.9904805225249488
25.1	0.9909457876711666	0.9964232737115255	0.9903798994006141
25.2	0.9908501059835745	0.996417095654159	0.9902782376075485
25.3	0.9907534382539391	0.9964109830275427	0.9901755281448119
25.4	0.9906557760087057	0.9964049349541373	0.990071762009251
25.5	0.9905571107723056	0.9963989505700344	0.9899669301955735
25.6	0.9904574340672402	0.9963930290247326	0.9898610236964428
25.7	0.9903567374141635	0.9963871694809197	0.9897540335025488
25.8	0.9902550123319753	0.9963813711142562	0.9896459506027243
25.9	0.9901522503379153	0.9963756331131626	0.9895367659840355
26.0	0.9900484429476694	0.9963699546786087	0.9894264706318983
26.1	0.9899435816754739	0.9963643350239081	0.9893150555301914
26.2	0.9898376580342332	0.9963587733745136	0.989202511661374
26.3	0.989730663535637	0.9963532689678158	0.9890888300066142
26.4	0.9896225896902877	0.9963478210529477	0.9889740015459298
26.5	0.9895134280078295	0.9963424288905863	0.9888580172583183
26.6	0.9894031699970867	0.996337091752765	0.9887408681219045
26.7	0.9892918071662059	0.9963318089226809	0.9886225451140939
26.8	0.9891793310228032	0.9963265796945127	0.9885030392117298
26.9	0.989065733074121	0.9963214033732339	0.9883823413912527
27.0	0.9889510048271832	0.9963162792744364	0.9882604426288824
27.1	0.9888351377889627	0.9963112067241515	0.9881373339007719
27.2	0.9887181234665535	0.9963061850586762	0.9880130061832125
27.3	0.9885999533673427	0.9963012136244006	0.9878874504528008
27.4	0.9884806189991968	0.996296291777642	0.9877606576866467
27.5	0.9883601118706447	0.9962914188844764	0.9876326188625594
27.6	0.9882384234910743	0.9962865943205765	0.9875033249592662
27.7	0.9881155453709278	0.9962818174710514	0.9873727669566126
27.8	0.9879914690219076	0.996277087730289	0.9872409358357757
27.900000000000002	0.9878661859571819	0.9962724045018005	0.9871078225795052
28.0	0.9877396876916026	0.9962677671980675	0.9869734181723292
28.099999999999998	0.9876119657419236	0.996263175240394	0.9868377136007944
28.2	0.9874830116270237	0.996258628058757	0.9867006998537123
28.3	0.9873528168681406	0.9962541250916627	0.9865623679223989
28.4	0.9872213729891027	0.9962496657860037	0.9864227088009206
28.5	0.9870886715165713	0.9962452495969194	0.986281713486357
28.6	0.9869547039802875	0.9962408759876591	0.9861393729790553
28.7	0.9868194619133197	0.9962365444294455	0.9859956782829009
28.799999999999997	0.9866829368523222	0.9962322544013423	0.9858506204055913
28.900000000000002	0.9865451203377948	0.9962280053901249	0.985704190358907
29.0	0.9864060039143493	0.9962237968901498	0.9855563791589956
29.099999999999998	0.9862655791309806	0.9962196284032319	0.9854071778266666
29.200000000000003	0.98612383754134	0.9962154994385167	0.985256577387675
29.3	0.9859807707040197	0.9962114095123616	0.9851045688730218
29.4	0.9858363701828352	0.9962073581482158	0.9849511433192625
29.5	0.9856906275471159	0.9962033448765022	0.9847962917688099
29.6	0.9855435343720016	0.9961993692345019	0.9846400052702511
29.7	0.9853950822387411	0.9961954307662413	0.9844822748786627
29.799999999999997	0.9852452627349952	0.9961915290223804	0.9843230916559333
29.900000000000002	0.9850940674551495	0.9961876635601044	0.9841624466710971
30.0	0.9849414880006234	0.9961838339430148	0.984000331000663
